site,crit,browser,lt,fp,fcp,e
21,mailchi,1,chrome,3319,1771.5,1771.5,14.8000840215
22,mailchi,1,chrome,3168,1757.2,1757.2,13.735923353
23,mailchi,1,chrome,3302,1834.2,1834.2,13.806636654
24,mailchi,1,chrome,3187,1817.9,1817.9,12.092611779
25,mailchi,1,chrome,3226,1822.5,1822.5,12.2815316315
26,mailchi,1,chrome,3042,1805,1805,8.309755067
27,mailchi,1,chrome,3630,1790.8,1790.8,10.3480383785
28,mailchi,1,chrome,3198,1880,1880,12.815719711
29,mailchi,1,chrome,3089,1800.7,1800.7,12.509431881
30,mailchi,1,chrome,3275,1764.9,1764.9,13.4389992725
31,mailchi,1,firefox,4066,898.4,3424,25.1468940685
32,mailchi,1,firefox,3052,1121.8,2404,30.715713321
33,mailchi,1,firefox,3118,1215.6,2476,26.7231707045
34,mailchi,1,firefox,3203,1451.1,2520,20.6622588615
35,mailchi,1,firefox,4260,940.6,3550,28.3153826655
36,mailchi,1,firefox,3310,1007.8,2528,22.256830455
37,mailchi,1,firefox,3794,1272.4,3119,21.20885441
38,mailchi,1,firefox,4601,3448.2,3447,27.324596519
39,mailchi,1,firefox,4075,1144.3,3423,20.442164964
40,mailchi,1,firefox,4294,767,3621,17.7466373665
41,playstation,0,chrome,5540,4995.5,4995.5,12.8550690105
42,playstation,0,chrome,5392,4837.7,4837.7,23.203160051
43,playstation,0,chrome,5785,5133.1,5133.1,10.3527881685
44,playstation,0,chrome,5426,4883.9,4883.9,25.8434424455
45,playstation,0,chrome,5699,4885.7,4885.7,11.1871326415
46,playstation,0,chrome,5479,4957.9,4957.9,19.6497083015
47,playstation,0,chrome,8326,6516.9,6516.9,9.171342035
48,playstation,0,chrome,5470,4932.6,4932.6,7.7342208005
49,playstation,0,chrome,5531,5001.2,5001.2,14.703703851
50,playstation,0,chrome,5429,4875.4,4875.4,18.4461665645
51,playstation,0,firefox,5217,1187.4,4502,29.293222371
52,playstation,0,firefox,6857,640.4,6727,34.606278743
53,playstation,0,firefox,5240,640.4,4629,26.7632002615
54,playstation,0,firefox,4787,815.4,4663,34.7394743395
55,playstation,0,firefox,4917,505.7,4805,29.945491194
56,playstation,0,firefox,9522,415.3,9346,30.4500638315
57,playstation,0,firefox,5839,941,5722,9.0905498325
58,playstation,0,firefox,5892,1388.2,5740,39.0096927985
59,playstation,0,firefox,6219,1732,5708,33.7869378005
60,playstation,0,firefox,5245,1232.2,4621,30.2235059895
61,loc,0,chrome,4224,1596.6,1596.6,6.7698291905
62,loc,0,chrome,4236,1458.1,1458.1,9.380604292
63,loc,0,chrome,4271,1600.3,1600.3,5.942257564
64,loc,0,chrome,4208,1427.3,1427.3,9.831155995
65,loc,0,chrome,4210,1598.1,1598.1,0.534700335
66,loc,0,chrome,4293,1626.9,1626.9,4.033919869
67,loc,0,chrome,4239,1490.3,1490.3,14.624831309
68,loc,0,chrome,4266,1628.9,1628.9,6.990785743
69,loc,0,chrome,4214,1454.3,1454.3,5.10078783
70,loc,0,chrome,4331,1615.6,1615.6,12.8740915005
71,loc,0,firefox,4212,998.2,1101,8.231533349
72,loc,0,firefox,5289,1600.3,1786,12.780048791
73,loc,0,firefox,4316,1306.1,1069,15.508563726
74,loc,0,firefox,4033,683.1,1132,10.492070826
75,loc,0,firefox,4322,4995.5,986,11.900511531
76,loc,0,firefox,4314,1213.1,1141,13.761227476
77,loc,0,firefox,4289,1002.9,1017,10.6537473425
78,loc,0,firefox,4479,1242.6,1248,12.840953914
79,loc,0,firefox,4564,1333.9,1845,8.996600632
80,loc,0,firefox,2703,1055.8,1145,11.0482757245
81,apple,0,chrome,1406,1177.7,1456.3,13.254563385
82,apple,0,chrome,1377,1276.5,1527.5,10.7136633115
83,apple,0,chrome,1420,1315.8,1579,11.250277382
84,apple,0,chrome,1427,1317.8,1571,11.75040415
85,apple,0,chrome,1371,1272.4,1528.1,11.250734868
86,apple,0,chrome,1543,1425.4,1674,13.797779509
87,apple,0,chrome,1390,1263,1518.8,12.300323236
88,apple,0,chrome,1435,1275.5,1529.7,9.127699801
89,apple,0,chrome,1472,1266.4,1531.4,12.4324924005
90,apple,0,chrome,1419,1215.8,1451.2,9.8827728085
91,apple,0,firefox,1525,843.9,1161,24.7972798205
92,apple,0,firefox,1374,683.1,1051,35.1369811235
93,apple,0,firefox,1492,432.2,1156,36.9084961355
94,apple,0,firefox,1460,943.3,1093,30.8461021415
95,apple,0,firefox,1471,1117.1,1139,38.3457024425
96,apple,0,firefox,1623,1007.8,1217,36.5057463565
97,apple,0,firefox,1434,1276.5,1126,30.487395873
98,apple,0,firefox,1446,1454.3,1118,29.1618669455
99,apple,0,firefox,1509,369.3,1172,38.521715608
100,apple,0,firefox,2378,1494.9,1614,31.4463356555
101,deviantart,0,chrome,3156,1451.1,1451.1,5.2392473135
102,deviantart,0,chrome,3195,1636.8,1636.8,5.0423333215
103,deviantart,0,chrome,3165,1456.9,1456.9,8.9850926155
104,deviantart,0,chrome,3231,1466.6,1466.6,5.5384827635
105,deviantart,0,chrome,3142,1585.1,1585.1,8.5825776885
106,deviantart,0,chrome,3179,1428.6,1428.6,7.421133497
107,deviantart,0,chrome,3145,1588.6,1588.6,5.4077149915
108,deviantart,0,chrome,3106,1454.7,1454.7,7.9178517135
109,deviantart,0,chrome,3083,1436.7,1436.7,0.0933157575
110,deviantart,0,chrome,3220,1548.5,1548.5,10.5822431235
111,deviantart,0,firefox,4635,1771.5,2124,9.1533749345
112,deviantart,0,firefox,5699,978.9,1800,14.7744756645
113,deviantart,0,firefox,3664,1451.1,1149,5.2957140065
114,deviantart,0,firefox,4706,1722,2427,13.6567515255
115,deviantart,0,firefox,3845,1836.8,1065,14.899802958
116,deviantart,0,firefox,3640,1003.5,1233,7.2752607835
117,deviantart,0,firefox,3612,509.4,1276,12.307726124
118,deviantart,0,firefox,4676,705.7,1990,12.266532682
119,deviantart,0,firefox,4603,905.3,1863,11.8433331095
120,deviantart,0,firefox,4608,1909.6,2396,9.797335515
121,lencr,1,chrome,412,629.6,629.6,2.381455438
122,lencr,1,chrome,381,605,605,2.8637465475
123,lencr,1,chrome,426,660.5,660.5,6.0266755575
124,lencr,1,chrome,402,621,621,0.7601782895
125,lencr,1,chrome,616,1165.1,1165.1,5.367861668
126,lencr,1,chrome,395,625.4,625.4,2.8054853615
127,lencr,1,chrome,380,601.3,601.3,3.526906288
128,lencr,1,chrome,364,573.8,573.8,3.467880437
129,lencr,1,chrome,435,610.8,610.8,5.6398480475
130,lencr,1,chrome,424,723.6,723.6,0.8199152725
131,lencr,1,firefox,327,1845.1,316,5.008804858
132,lencr,1,firefox,350,1600.3,336,19.58014539
133,lencr,1,firefox,345,638.9,299,7.519394667
134,lencr,1,firefox,291,1384.3,245,8.7637266535
135,lencr,1,firefox,373,1039.8,327,13.4437431995
136,lencr,1,firefox,350,585.6,341,6.665214124
137,lencr,1,firefox,328,1880,313,5.1188984665
138,lencr,1,firefox,263,767,254,10.720827405
139,lencr,1,firefox,308,1390.2,263,5.302410797
140,lencr,1,firefox,362,987.6,302,10.0978098815
141,ietf,0,chrome,708,981.1,981.1,6.0079939275
142,ietf,0,chrome,642,978.9,978.9,10.1043579545
143,ietf,0,chrome,650,940.9,940.9,3.4931728175
144,ietf,0,chrome,648,943.3,943.3,3.0073611765
145,ietf,0,chrome,732,1030.9,1030.9,3.0635177765
146,ietf,0,chrome,679,1007.8,1007.8,3.006381087
147,ietf,0,chrome,644,938.2,938.2,2.864418403
148,ietf,0,chrome,673,957.6,957.6,3.372761972
149,ietf,0,chrome,663,952.1,952.1,2.569252999
150,ietf,0,chrome,650,950.2,950.2,2.790222916
151,ietf,0,firefox,578,1078.6,434,11.841259743
152,ietf,0,firefox,590,1384.3,452,10.469244224
153,ietf,0,firefox,576,2519.8,455,6.1774691715
154,ietf,0,firefox,592,1233.5,468,12.8603449195
155,ietf,0,firefox,712,2063.6,572,9.4947642155
156,ietf,0,firefox,573,637.4,428,12.3471645035
157,ietf,0,firefox,637,1794.4,516,9.27234589
158,ietf,0,firefox,675,610.1,609,6.178880131
159,ietf,0,firefox,623,888.7,509,10.140744041
160,ietf,0,firefox,619,822.1,549,8.361093561
161,xnxx,0,chrome,2019,1563.4,1563.4,19.213072277
162,xnxx,0,chrome,2093,1681.6,1681.6,22.0632494495
163,xnxx,0,chrome,2123,1665.6,1665.6,27.151636984
164,xnxx,0,chrome,2018,1560.3,1560.3,5.5532428135
165,xnxx,0,chrome,2095,1671.4,1671.4,29.248899688
166,xnxx,0,chrome,3246,2219.5,2219.5,21.2953507945
167,xnxx,0,chrome,3318,2272.5,2272.5,19.1035063035
168,xnxx,0,chrome,1987,1580,1580,13.025738546
169,xnxx,0,chrome,1972,1499,1499,7.2852366755
170,xnxx,0,chrome,2131,1702.8,1702.8,21.152862046
171,xnxx,0,firefox,1692,419.3,1601,28.102293464
172,xnxx,0,firefox,1586,2084.7,1504,95.473542885
173,xnxx,0,firefox,1772,900.3,1664,41.1645784895
174,xnxx,0,firefox,1653,2547.4,1567,69.92422764
175,xnxx,0,firefox,1656,1490.3,1584,69.0575418265
176,xnxx,0,firefox,1723,805.3,1632,81.9558896955
177,xnxx,0,firefox,1700,740.1,1606,103.887608041
178,xnxx,0,firefox,1662,975.6,1566,96.2686446775
179,xnxx,0,firefox,1884,1187.9,1793,116.8338534765
180,xnxx,0,firefox,1851,1479.6,1784,71.4861324625
181,playstation,1,chrome,3470,2490.8,2490.8,20.9451233215
182,playstation,1,chrome,3638,2552.4,2552.4,20.2380439795
183,playstation,1,chrome,3580,2519.8,2519.8,17.4424715385
184,playstation,1,chrome,3576,2818.8,2818.8,18.7061773915
185,playstation,1,chrome,3555,2551.2,2551.2,18.6181301425
186,playstation,1,chrome,3618,2538.1,2538.1,17.33827994
187,playstation,1,chrome,3398,2522.5,2522.5,20.1472537995
188,playstation,1,chrome,3478,2607.1,2607.1,17.8079556415
189,playstation,1,chrome,3445,2501.2,2501.2,16.847284321
190,playstation,1,chrome,3458,2425.4,2425.4,18.423423504
191,playstation,1,firefox,4740,2536.2,4571,32.166010843
192,playstation,1,firefox,3622,902,3486,37.5403035455
193,playstation,1,firefox,3860,2547.4,3655,42.1973018055
194,playstation,1,firefox,5766,1367.7,5599,27.441469106
195,playstation,1,firefox,4444,1367.7,4317,35.9050787145
196,playstation,1,firefox,3655,1261.9,3523,28.4851332095
197,playstation,1,firefox,3727,786.1,3568,24.913415913
198,playstation,1,firefox,3861,4875.4,3672,37.645782554
199,playstation,1,firefox,3734,1092.5,3566,39.3511147685
200,playstation,1,firefox,3599,959.4,3448,35.947608992
201,ed,0,chrome,819,1082.7,1082.7,4.4631428505
202,ed,0,chrome,835,1093.2,1093.2,4.1241126295
203,ed,0,chrome,830,1076.7,1076.7,5.4027830185
204,ed,0,chrome,1727,2004.2,2004.2,5.7666793235
205,ed,0,chrome,866,1011.8,1011.8,4.2639900525
206,ed,0,chrome,868,1019.2,1019.2,4.312037857
207,ed,0,chrome,806,958.8,958.8,4.5948642725
208,ed,0,chrome,828,975.6,975.6,4.986329343
209,ed,0,chrome,817,1074.1,1074.1,2.6047084735
210,ed,0,chrome,805,959.4,959.4,3.277317779
211,ed,0,firefox,794,516,781,14.2715413595
212,ed,0,firefox,759,2536.2,744,11.1362803325
213,ed,0,firefox,806,769.9,669,5.935223793
214,ed,0,firefox,731,2280,721,10.8128484315
215,ed,0,firefox,756,1733.4,633,11.5807147785
216,ed,0,firefox,793,766.3,780,9.6118673975
217,ed,0,firefox,750,4837.7,736,11.1879327315
218,ed,0,firefox,931,1049,917,9.772882093
219,ed,0,firefox,819,1422.5,676,9.5851787035
220,ed,0,firefox,801,670.3,663,7.604139522
221,deviantart,1,chrome,3213,757.6,757.6,7.003469694
222,deviantart,1,chrome,3169,843.9,843.9,9.480123145
223,deviantart,1,chrome,3200,763.6,763.6,11.7937063825
224,deviantart,1,chrome,3135,769.9,769.9,8.5936416075
225,deviantart,1,chrome,3185,777.7,777.7,8.3147958815
226,deviantart,1,chrome,3189,791.1,791.1,12.7473841405
227,deviantart,1,chrome,4832,1515.4,1515.4,6.2787352255
228,deviantart,1,chrome,3203,876.4,876.4,7.314910241
229,deviantart,1,chrome,3130,745.1,745.1,7.115395164
230,deviantart,1,chrome,3201,708.7,708.7,9.527587546
231,deviantart,1,firefox,3963,629.6,335,21.0797306395
232,deviantart,1,firefox,3887,1163,337,8.8721884805
233,deviantart,1,firefox,5784,945.6,1536,9.0731109675
234,deviantart,1,firefox,4871,933.1,278,8.6703216665
235,deviantart,1,firefox,4857,2552.2,484,10.1571692425
236,deviantart,1,firefox,5946,682.2,704,21.122619838
237,deviantart,1,firefox,3862,1414.6,785,13.457585902
238,deviantart,1,firefox,3996,825,622,8.103068273
239,deviantart,1,firefox,4880,550.1,475,17.454351669
240,deviantart,1,firefox,4791,1059.5,1735,11.378491505
241,csdn,0,chrome,1313,698.3,698.3,3.6318646855
242,csdn,0,chrome,1414,806.4,806.4,5.7140075475
243,csdn,0,chrome,1491,989.8,989.8,11.142038373
244,csdn,0,chrome,1485,880.8,880.8,4.5577481695
245,csdn,0,chrome,1406,773.1,773.1,9.111637483
246,csdn,0,chrome,1338,897.2,897.2,6.284372955
247,csdn,0,chrome,1396,825.9,825.9,1.7438222235
248,csdn,0,chrome,1420,1003.5,1003.5,6.3722914795
249,csdn,0,chrome,1342,736.2,736.2,10.1777467935
250,csdn,0,chrome,1702,826.1,826.1,6.3763028675
251,csdn,0,firefox,1132,2490.8,929,19.204058976
252,csdn,0,firefox,1177,516,602,11.905690773
253,csdn,0,firefox,1004,1376.1,421,18.19426194
254,csdn,0,firefox,870,1384.3,738,15.1735472095
255,csdn,0,firefox,903,1033.9,443,11.1868297095
256,csdn,0,firefox,903,901,457,11.900473341
257,csdn,0,firefox,1048,900.3,464,17.2514977385
258,csdn,0,firefox,1094,1007.8,416,13.9278100705
259,csdn,0,firefox,1020,1491.6,398,10.3634337705
260,csdn,0,firefox,880,733.3,446,8.8874425125
261,adsrvr,0,chrome,465,543.9,543.9,4.1885679955
262,adsrvr,0,chrome,476,570.9,570.9,4.5392363485
263,adsrvr,0,chrome,480,581.9,581.9,2.667181119
264,adsrvr,0,chrome,481,581.6,581.6,5.081701273
265,adsrvr,0,chrome,502,596,596,3.3339852625
266,adsrvr,0,chrome,473,572.5,572.5,4.4160598755
267,adsrvr,0,chrome,489,564.3,564.3,5.0406435955
268,adsrvr,0,chrome,466,550.1,550.1,1.744948047
269,adsrvr,0,chrome,466,559.7,559.7,2.0434769075
270,adsrvr,0,chrome,462,559.5,559.5,4.56168331
271,adsrvr,0,firefox,369,516,237,8.788313182
272,adsrvr,0,firefox,353,1224,211,5.2190560995
273,adsrvr,0,firefox,420,4995.5,254,10.890748177
274,adsrvr,0,firefox,432,596,244,5.4372362315
275,adsrvr,0,firefox,425,1585.1,244,8.2424100235
276,adsrvr,0,firefox,363,1711.8,226,8.0691877365
277,adsrvr,0,firefox,442,1711.8,261,5.8244106635
278,adsrvr,0,firefox,452,550.1,238,9.706720391
279,adsrvr,0,firefox,395,1367.7,256,6.934788312
280,adsrvr,0,firefox,474,743.2,274,11.904632132
281,stackexhange,0,chrome,1127,1496.7,1496.7,4.588869855
282,stackexhange,0,chrome,1081,1475.1,1475.1,5.744876541
283,stackexhange,0,chrome,1083,1460.7,1460.7,4.870252217
284,stackexhange,0,chrome,1135,1534.7,1534.7,4.491511356
285,stackexhange,0,chrome,1114,1496.7,1496.7,8.7529036205
286,stackexhange,0,chrome,1094,1518.7,1518.7,5.508995556
287,stackexhange,0,chrome,1189,1566,1566,8.267705215
288,stackexhange,0,chrome,1079,1456,1456,4.829414641
289,stackexhange,0,chrome,1109,1483.5,1483.5,6.397711793
290,stackexhange,0,chrome,1116,1488.6,1488.6,2.5439773565
291,stackexhange,0,firefox,1113,516,922,18.327238659
292,stackexhange,0,firefox,1085,1822.5,823,10.964770931
293,stackexhange,0,firefox,1167,1733.4,978,13.00625602
294,stackexhange,0,firefox,1238,1598.1,1048,9.1920091605
295,stackexhange,0,firefox,1364,1049,1181,8.296885261
296,stackexhange,0,firefox,1073,825,906,11.872245582
297,stackexhange,0,firefox,1084,2070.5,816,21.2457993815
298,stackexhange,0,firefox,1058,1411.4,874,14.423616433
299,stackexhange,0,firefox,1134,531.6,969,9.339040718
300,stackexhange,0,firefox,1124,681.3,961,13.6776317845
301,statcounter,0,chrome,1261,957.9,957.9,4.5363503745
302,statcounter,0,chrome,1225,1070.6,1070.6,4.743215071
303,statcounter,0,chrome,1206,1154,1154,6.4541311575
304,statcounter,0,chrome,1262,1129,1129,4.6916643895
305,statcounter,0,chrome,1361,1319.5,1319.5,3.917631605
306,statcounter,0,chrome,1223,956.6,956.6,3.446534477
307,statcounter,0,chrome,1173,1057.8,1057.8,3.75296425
308,statcounter,0,chrome,1203,1143.2,1143.2,2.7344049015
309,statcounter,0,chrome,2144,1100.1,1100.1,4.3504392795
310,statcounter,0,chrome,1262,1201.9,1201.9,4.6872030295
311,statcounter,0,firefox,1178,851.5,488,15.465884162
312,statcounter,0,firefox,1387,905.3,787,7.6987984075
313,statcounter,0,firefox,2110,949.7,626,8.0083473585
314,statcounter,0,firefox,1306,1226.7,659,6.8712257565
315,statcounter,0,firefox,2321,1359.7,947,7.432006828
316,statcounter,0,firefox,2364,2487.1,767,4.919280635
317,statcounter,0,firefox,1371,1730.3,757,9.7065008375
318,statcounter,0,firefox,1490,1390.2,644,7.83339827
319,statcounter,0,firefox,1306,860.7,612,12.59423263
320,statcounter,0,firefox,1252,1055.8,620,16.1349541485
321,stumpleupon,0,chrome,290,590.7,590.7,4.0440996265
322,stumpleupon,0,chrome,293,690.1,690.1,6.093866552
323,stumpleupon,0,chrome,330,616.1,616.1,6.428303032
324,stumpleupon,0,chrome,272,658,658,12.136724941
325,stumpleupon,0,chrome,336,637.4,637.4,4.9242319005
326,stumpleupon,0,chrome,292,622.9,622.9,4.849596796
327,stumpleupon,0,chrome,304,574.3,574.3,7.2058530495
328,stumpleupon,0,chrome,301,614.2,614.2,7.0239670395
329,stumpleupon,0,chrome,364,679.4,679.4,6.402007798
330,stumpleupon,0,chrome,317,636.8,636.8,5.3041921145
331,stumpleupon,0,firefox,224,647.2,219,25.5631274855
332,stumpleupon,0,firefox,355,1258.5,340,23.261828861
333,stumpleupon,0,firefox,240,1451.1,221,28.9989264655
334,stumpleupon,0,firefox,266,1329.8,263,22.7771699655
335,stumpleupon,0,firefox,327,1822.6,267,24.8408676745
336,stumpleupon,0,firefox,266,1295,250,33.1196741935
337,stumpleupon,0,firefox,230,1052.8,225,24.401200205
338,stumpleupon,0,firefox,585,1359.7,570,25.1677605395
339,stumpleupon,0,firefox,298,1794.4,254,24.2464811155
340,stumpleupon,0,firefox,258,2197.6,242,27.651597272
359,drupal,0,chrome,2557,1051.8,1051.8,35.1951454105
360,drupal,0,chrome,2512,1083.8,1083.8,35.3007155985
361,drupal,0,chrome,2479,1047.1,1047.1,11.4452866135
362,drupal,0,chrome,2504,846.6,846.6,30.7137982895
363,drupal,0,chrome,2483,1059.5,1059.5,32.3900965185
364,drupal,0,chrome,2570,874.5,874.5,36.419370274
365,drupal,0,chrome,2578,1076.5,1076.5,36.5819166085
366,drupal,0,chrome,2542,888.7,888.7,38.7808240065
367,drupal,0,chrome,2500,996.8,996.8,28.4926468445
368,drupal,0,chrome,2471,1002,1002,13.5569600355
369,drupal,0,firefox,2134,1082.7,853,46.3168842085
370,drupal,0,firefox,2924,640.4,1978,32.3083541435
371,drupal,0,firefox,1887,725.5,922,28.86445152
372,drupal,0,firefox,1624,1291.1,879,37.8041070835
373,drupal,0,firefox,2212,941,956,32.5005260135
374,drupal,0,firefox,2745,2004.2,1386,41.1969650265
375,drupal,0,firefox,1792,1052.8,891,28.5162979475
376,drupal,0,firefox,3599,825,2001,23.840893842
377,drupal,0,firefox,3054,2190,1381,33.7175233725
378,drupal,0,firefox,2460,1456,910,32.252515847
379,shopify,1,chrome,1106,1050.8,1050.8,6.979961313
380,shopify,1,chrome,1150,1084.5,1084.5,11.963975387
381,shopify,1,chrome,1062,913.5,913.5,14.2950786895
382,shopify,1,chrome,1006,870.8,870.8,7.4396890765
383,shopify,1,chrome,1177,1039.8,1039.8,12.666859837
384,shopify,1,chrome,1117,1044.2,1044.2,13.228205418
385,shopify,1,chrome,1027,857.8,857.8,14.3766109945
386,shopify,1,chrome,992,860.7,860.7,11.522914534
387,shopify,1,chrome,1088,945.2,945.2,9.3645018285
388,shopify,1,chrome,1004,871.5,871.5,11.5061211845
389,shopify,1,firefox,2362,500.3,1728,21.881108999
390,shopify,1,firefox,4717,757.6,4442,11.13915447
391,shopify,1,firefox,3489,2062.1,2830,12.510478605
392,shopify,1,firefox,3574,2519.8,3048,15.0120634335
393,shopify,1,firefox,4555,2125.9,3756,14.8569548595
394,shopify,1,firefox,4183,826.1,3157,22.584369206
395,shopify,1,firefox,4180,1557.4,3051,22.766103316
396,shopify,1,firefox,4426,1782.8,3809,14.00011224
397,shopify,1,firefox,4513,485.5,3898,19.3005561485
398,shopify,1,firefox,4246,756.6,3537,8.9688331935
419,stumpleupon,1,chrome,273,592.7,592.7,6.1921178855
420,stumpleupon,1,chrome,311,640.4,640.4,10.0805623055
421,stumpleupon,1,chrome,295,652.8,652.8,5.7678637465
422,stumpleupon,1,chrome,270,585,585,11.1014270585
423,stumpleupon,1,chrome,357,681.4,681.4,6.183261922
424,stumpleupon,1,chrome,312,668.1,668.1,5.264137114
425,stumpleupon,1,chrome,566,1139.2,1139.2,7.846333085
426,stumpleupon,1,chrome,311,588.7,588.7,5.632273459
427,stumpleupon,1,chrome,302,610.1,610.1,9.979264961
428,stumpleupon,1,chrome,306,624.3,624.3,8.134211695
429,stumpleupon,1,firefox,302,1107.2,295,31.576367625
430,stumpleupon,1,firefox,285,638.9,275,33.156645199
431,stumpleupon,1,firefox,296,794.3,282,24.320205001
432,stumpleupon,1,firefox,276,687,263,10.4866410345
433,stumpleupon,1,firefox,298,955,280,17.6197370565
434,stumpleupon,1,firefox,322,905.3,316,18.0619811435
435,stumpleupon,1,firefox,299,1587,293,24.210552672
436,stumpleupon,1,firefox,324,2456.9,253,25.052322316
437,stumpleupon,1,firefox,249,1057.8,196,19.6570388865
438,stumpleupon,1,firefox,250,4875.4,233,26.2874260105
439,yale,1,chrome,1037,898.4,898.4,8.8051822755
440,yale,1,chrome,1028,876.3,876.3,6.5411140185
441,yale,1,chrome,1028,887.8,887.8,9.331694757
442,yale,1,chrome,1009,854.4,854.4,5.211144936
443,yale,1,chrome,1000,883.1,883.1,6.3961187675
444,yale,1,chrome,1011,895.5,895.5,6.376347456
445,yale,1,chrome,1029,876.3,876.3,4.7748514215
446,yale,1,chrome,957,787.3,787.3,4.420392172
447,yale,1,chrome,1000,851.5,851.5,2.061530645
448,yale,1,chrome,1974,1495,1495,6.293826226
449,yale,1,firefox,1105,375.3,643,6.277730038
450,yale,1,firefox,2032,757.6,754,11.2441905995
451,yale,1,firefox,1071,1187.4,549,9.290412799
452,yale,1,firefox,1128,4995.5,654,9.3537965455
453,yale,1,firefox,1115,824.5,656,9.996999229
454,yale,1,firefox,979,1302.8,712,8.1265161275
455,yale,1,firefox,1002,1226.7,561,7.543569262
456,yale,1,firefox,891,1422.5,552,10.3496859435
457,yale,1,firefox,2086,2451.6,1649,9.0711771635
458,yale,1,firefox,892,933.6,577,8.141907221
459,docusign,1,chrome,1470,2268.6,2268.6,9.527156657
460,docusign,1,chrome,1504,2280,2280,11.8547998015
461,docusign,1,chrome,1635,2408,2408,18.207190316
462,docusign,1,chrome,1443,2226,2226,10.471923796
463,docusign,1,chrome,1670,2437.8,2437.8,12.251047167
464,docusign,1,chrome,1588,2397.4,2397.4,2.172618508
465,docusign,1,chrome,1528,2337.4,2337.4,14.375423651
466,docusign,1,chrome,2153,3448.2,3448.2,10.0804857595
467,docusign,1,chrome,2423,4089.1,4089.1,47.3426507175
468,docusign,1,chrome,1442,2197.6,2197.6,12.4101303345
469,docusign,1,firefox,1443,981.1,1325,14.049422137
470,docusign,1,firefox,1429,1356.8,1342,14.358173449
471,docusign,1,firefox,1440,981.4,1328,23.2195155025
472,docusign,1,firefox,1419,1880,1320,19.4345121565
473,docusign,1,firefox,1628,825,1475,24.9883985555
474,docusign,1,firefox,1483,1454.3,1363,16.735224675
475,docusign,1,firefox,3400,740.4,2841,15.8034356805
476,docusign,1,firefox,2420,1228.8,1951,14.8300244375
477,docusign,1,firefox,1378,422.9,1155,17.40896867
478,docusign,1,firefox,1523,1020,1419,15.2842244265
479,github,1,chrome,1697,807,807,48.871048582
480,github,1,chrome,2400,1458.7,1458.7,45.2579822485
481,github,1,chrome,1994,888.8,888.8,35.4680447225
482,github,1,chrome,1686,816.5,816.5,11.897515508
483,github,1,chrome,1904,983.8,983.8,43.5511138825
484,github,1,chrome,1747,846.7,846.7,53.174844934
485,github,1,chrome,1773,916.8,916.8,37.582967553
486,github,1,chrome,1935,1373.9,1373.9,54.9859226735
487,github,1,chrome,2477,1593.3,1593.3,37.806461015
488,github,1,chrome,1702,840.5,840.5,40.3876093935
489,github,1,firefox,1055,683.1,560,27.889705039
490,github,1,firefox,1019,2552.4,519,20.359558583
491,github,1,firefox,1079,581.6,604,28.113930695
492,github,1,firefox,1002,981.4,510,15.3315889965
493,github,1,firefox,3013,1880,464,32.2295811095
494,github,1,firefox,1118,983.8,569,33.2123056985
495,github,1,firefox,1036,2538.1,540,18.124962803
496,github,1,firefox,1270,762.9,518,36.4066616285
497,github,1,firefox,2070,1020,1576,29.2398332305
498,github,1,firefox,2112,498,1631,30.0988096495
499,enable,0,chrome,628,670.1,670.1,4.34910956
500,enable,0,chrome,624,667.5,667.5,4.645854232
501,enable,0,chrome,712,763.6,763.6,4.661987236
502,enable,0,chrome,733,902,902,2.4108423065
503,enable,0,chrome,634,822.2,822.2,7.05627328
504,enable,0,chrome,591,644.8,644.8,5.812736247
505,enable,0,chrome,607,674.7,674.7,1.9613882605
506,enable,0,chrome,722,755.4,755.4,4.1877746755
507,enable,0,chrome,526,656.2,656.2,4.9894876015
508,enable,0,chrome,662,711.2,711.2,5.2552400325
509,enable,0,firefox,539,1394.1,523,10.728048638
510,enable,0,firefox,520,1376.1,422,8.889020509
511,enable,0,firefox,554,943.3,463,6.5738463785
512,enable,0,firefox,723,612.2,637,9.70089455
513,enable,0,firefox,1101,751.4,870,9.8770945565
514,enable,0,firefox,978,1364.3,791,10.533647701
515,enable,0,firefox,1042,1135.1,832,8.7725164125
516,enable,0,firefox,520,1454.3,515,7.982120072
517,enable,0,firefox,642,1156.3,641,13.8393512685
518,enable,0,firefox,503,1148.7,501,5.0478682785
519,enable,1,chrome,615,674.5,674.5,3.0233954255
520,enable,1,chrome,583,764.8,764.8,2.69027507
521,enable,1,chrome,699,735.3,735.3,4.830416613
522,enable,1,chrome,614,679.5,679.5,4.8111448125
523,enable,1,chrome,594,765.2,765.2,4.3317959945
524,enable,1,chrome,1219,1281.3,1281.3,2.6967280895
525,enable,1,chrome,591,650.3,650.3,6.059097967
526,enable,1,chrome,632,676.7,676.7,2.839076793
527,enable,1,chrome,624,694,694,2.8648377155
528,enable,1,chrome,597,650.8,650.8,4.4961331205
529,enable,1,firefox,530,2268.6,526,6.3213199475
530,enable,1,firefox,538,709.4,524,9.3484108675
531,enable,1,firefox,521,601.5,508,15.3620134635
532,enable,1,firefox,446,379,440,7.1283830155
533,enable,1,firefox,499,1121.8,492,13.1291243
534,enable,1,firefox,567,940.6,490,7.7135377235
535,enable,1,firefox,474,716.4,468,7.701308311
536,enable,1,firefox,494,1003.3,478,10.0104884545
537,enable,1,firefox,456,746.2,454,7.0320043275
538,enable,1,firefox,562,788.1,468,7.6028152075
539,live,1,chrome,454,1202.7,1202.7,6.9927186805
540,live,1,chrome,429,1173.8,1173.8,10.7572252105
541,live,1,chrome,435,1192.3,1192.3,11.3277895215
542,live,1,chrome,473,1233.5,1233.5,11.877058147
543,live,1,chrome,444,1221.5,1221.5,6.377240778
544,live,1,chrome,442,1213.1,1213.1,6.371835646
545,live,1,chrome,480,1240.4,1240.4,7.606243164
546,live,1,chrome,477,1261.9,1261.9,6.950028108
547,live,1,chrome,413,1156.3,1156.3,4.7016097775
548,live,1,chrome,451,1220.6,1220.6,8.365994114
549,live,1,firefox,380,629.6,362,13.9755925015
550,live,1,firefox,399,1056.4,393,18.6234832605
551,live,1,firefox,405,1033.9,403,13.9717114975
552,live,1,firefox,445,803,432,21.1145623835
553,live,1,firefox,429,765.2,413,15.946642715
554,live,1,firefox,404,644.8,388,11.797587959
555,live,1,firefox,885,1191,873,15.295451117
556,live,1,firefox,748,1495,624,16.594563426
557,live,1,firefox,406,2607.1,396,15.3929345325
558,live,1,firefox,401,1108.1,384,11.400674668
559,cambridge,1,chrome,1766,1423.4,1423.4,9.215098687
560,cambridge,1,chrome,1920,1282.4,1282.4,4.000054015
561,cambridge,1,chrome,1817,1329.8,1329.8,11.2680320945
562,cambridge,1,chrome,1887,1117.1,1117.1,12.294164555
563,cambridge,1,chrome,1698,1202.4,1202.4,12.728622382
564,cambridge,1,chrome,1969,1485.3,1485.3,6.3154147925
565,cambridge,1,chrome,1820,1295,1295,7.518312506
566,cambridge,1,chrome,1816,1323.2,1323.2,11.380011819
567,cambridge,1,chrome,1942,1363.9,1363.9,7.551719219
568,cambridge,1,chrome,1778,1139.5,1139.5,9.0760721455
569,cambridge,1,firefox,1942,629.6,808,13.927836702
570,cambridge,1,firefox,2021,978.9,748,16.177536291
571,cambridge,1,firefox,2193,442.3,810,21.3999383035
572,cambridge,1,firefox,1907,564.3,754,19.019934391
573,cambridge,1,firefox,1874,692.4,749,21.856713112
574,cambridge,1,firefox,2047,1276.5,809,21.0699365925
575,cambridge,1,firefox,3099,1290.1,1511,22.044843176
576,cambridge,1,firefox,2008,636.8,794,12.0466042095
577,cambridge,1,firefox,2090,959.4,792,16.8055096475
578,cambridge,1,firefox,2072,1384.7,816,14.4019194355
579,mailchi,0,chrome,3272,1845.1,1845.1,15.3249304285
580,mailchi,0,chrome,3408,1861.4,1861.4,16.0543295535
581,mailchi,0,chrome,3235,1836.1,1836.1,14.357372668
582,mailchi,0,chrome,3207,1822,1822,23.894938184
583,mailchi,0,chrome,3360,1731,1731,13.501541017
584,mailchi,0,chrome,3254,1823.5,1823.5,10.5975006715
585,mailchi,0,chrome,6143,2884.2,2884.2,13.1333116775
586,mailchi,0,chrome,5277,2909.1,2909.1,14.624011243
587,mailchi,0,chrome,3493,1771.7,1771.7,12.985101023
588,mailchi,0,chrome,3526,1804.3,1804.3,11.5130683025
589,mailchi,0,firefox,3269,1845.1,2615,25.1220274005
590,mailchi,0,firefox,3287,902,2638,19.766722432
591,mailchi,0,firefox,3118,581.9,2471,24.5067258945
592,mailchi,0,firefox,3782,940.9,3084,18.4123481465
593,mailchi,0,firefox,4157,1665.6,3522,17.641878756
594,mailchi,0,firefox,4761,576.8,4135,27.6338059935
595,mailchi,0,firefox,4236,1374.5,3515,18.143217227
596,mailchi,0,firefox,4120,975.6,3482,21.9492054695
597,mailchi,0,firefox,3190,733.3,2549,7.9758611355
598,mailchi,0,firefox,3180,1764.9,2518,18.913659556
599,npr,0,chrome,2277,1066,2254,18.9961368055
600,npr,0,chrome,2355,1084.7,2336.3,19.116018082
601,npr,0,chrome,2270,1115.7,2253.1,24.6287224075
602,npr,0,chrome,2288,1069.8,2276.6,16.738922969
603,npr,0,chrome,2284,1039.3,2260.9,26.4381965565
604,npr,0,chrome,2321,1002.9,2292.4,19.8388254355
605,npr,0,chrome,3612,1386.9,3201.9,19.7753958765
606,npr,0,chrome,2275,1005.4,2245.5,21.8790490345
607,npr,0,chrome,2258,1060.9,2239.6,33.3782157255
608,npr,0,chrome,2288,987.6,2282.8,16.06297348
609,npr,0,firefox,3015,1423.4,2756,38.0145245775
610,npr,0,firefox,3060,1665.6,2805,56.5937657415
611,npr,0,firefox,3012,901,2769,31.1782508575
612,npr,0,firefox,2991,1181.3,2731,25.511009596
613,npr,0,firefox,3782,2063.6,3495,38.806531303
614,npr,0,firefox,3716,905.3,3465,29.142261967
615,npr,0,firefox,3083,1490.3,2826,33.809408255
616,npr,0,firefox,3039,2551.2,2765,24.66845835
617,npr,0,firefox,3023,1229.3,2752,29.123132009
618,npr,0,firefox,3794,1915.8,3199,30.2344626475
619,ilovepdf,1,chrome,426,683.1,683.1,6.7506357735
620,ilovepdf,1,chrome,610,794.3,794.3,9.660684286
621,ilovepdf,1,chrome,627,856.7,856.7,5.8895440425
622,ilovepdf,1,chrome,526,718.1,718.1,3.986089347
623,ilovepdf,1,chrome,516,711.4,711.4,4.990346304
624,ilovepdf,1,chrome,484,674.2,674.2,6.4687914865
625,ilovepdf,1,chrome,1184,1532.8,1532.8,8.886741284
626,ilovepdf,1,chrome,605,790.2,790.2,2.795035536
627,ilovepdf,1,chrome,438,720.2,720.2,4.588609745
628,ilovepdf,1,chrome,527,726.9,726.9,3.960218224
629,ilovepdf,1,firefox,1280,1771.5,296,9.182368271
630,ilovepdf,1,firefox,384,1288.7,306,10.3998986025
631,ilovepdf,1,firefox,381,834.7,374,7.5116111295
632,ilovepdf,1,firefox,376,415.3,296,13.6761078135
633,ilovepdf,1,firefox,395,564.3,331,8.3764101115
634,ilovepdf,1,firefox,440,576.8,340,8.927512996
635,ilovepdf,1,firefox,1299,674.7,310,12.577545944
636,ilovepdf,1,firefox,1379,1144.3,294,17.154418409
637,ilovepdf,1,firefox,409,860.7,315,9.8995447975
638,ilovepdf,1,firefox,416,1108.1,340,10.1932656185
639,arxiv,0,chrome,436,766.9,766.9,4.4340127505
640,arxiv,0,chrome,403,694.6,694.6,4.0039209645
641,arxiv,0,chrome,415,718.8,718.8,3.6160193505
642,arxiv,0,chrome,433,725.5,725.5,4.155001808
643,arxiv,0,chrome,433,803,803,3.4955711365
644,arxiv,0,chrome,667,1207.3,1207.3,0.727920284
645,arxiv,0,chrome,675,1228.8,1228.8,4.9672274485
646,arxiv,0,chrome,653,1196.2,1196.2,2.2255954115
647,arxiv,0,chrome,403,698.8,698.8,7.393220965
648,arxiv,0,chrome,426,762.9,762.9,3.716544202
649,arxiv,0,firefox,391,1070.6,309,4.690680847
650,arxiv,0,firefox,443,629.6,349,12.8463862915
651,arxiv,0,firefox,404,605,311,6.292957435
652,arxiv,0,firefox,377,1102.8,255,4.5927410595
653,arxiv,0,firefox,382,981.4,302,6.4891612995
654,arxiv,0,firefox,380,1229.3,285,9.33954044
655,arxiv,0,firefox,351,726.1,268,2.112123415
656,arxiv,0,firefox,543,1386.1,404,7.879438516
657,arxiv,0,firefox,391,1390.2,307,10.7896918065
658,arxiv,0,firefox,556,825.6,445,6.367616909
659,blogger,1,chrome,790,782.6,782.6,19.842526898
660,blogger,1,chrome,780,826.3,826.3,14.4874845665
661,blogger,1,chrome,1770,1680.5,1680.5,16.743669721
662,blogger,1,chrome,768,824.5,824.5,25.3121638325
663,blogger,1,chrome,726,771.6,771.6,21.171603833
664,blogger,1,chrome,780,738.8,738.8,21.895001361
665,blogger,1,chrome,789,813,813,28.881030286
666,blogger,1,chrome,742,786.1,786.1,23.029436706
667,blogger,1,chrome,659,773.3,773.3,26.3661579245
668,blogger,1,chrome,780,770,770,19.8157669365
669,blogger,1,firefox,673,738.4,422,85.3393102865
670,blogger,1,firefox,746,1464.9,444,65.6710163565
671,blogger,1,firefox,951,1388.2,562,68.0724887375
672,blogger,1,firefox,752,869.2,490,79.897902149
673,blogger,1,firefox,865,1181,433,68.9887374495
674,blogger,1,firefox,692,623.3,391,78.89625704
675,blogger,1,firefox,1421,1261.5,989,74.6148693765
676,blogger,1,firefox,1806,1495,1013,74.271592358
677,blogger,1,firefox,677,650.3,438,69.4212537335
678,blogger,1,firefox,842,1374.5,498,67.8282835775
699,yale,0,chrome,1248,1106.4,1106.4,6.478074231
700,yale,0,chrome,1478,1306.1,1306.1,5.8169142725
701,yale,0,chrome,1268,1122.5,1122.5,9.9889611225
702,yale,0,chrome,1284,1156.9,1156.9,4.8010390995
703,yale,0,chrome,1467,1291.4,1291.4,9.5947108565
704,yale,0,chrome,2358,1795.3,1795.3,5.08722147
705,yale,0,chrome,1420,1220.5,1220.5,2.0907002705
706,yale,0,chrome,1431,1297.4,1297.4,4.2673837265
707,yale,0,chrome,1472,1310.3,1310.3,4.897023563
708,yale,0,chrome,1307,1148.7,1148.7,8.1019908525
709,yale,0,firefox,1248,516,862,7.229953168
710,yale,0,firefox,2216,898.4,1829,9.861619461
711,yale,0,firefox,1266,1215.6,969,11.381117847
712,yale,0,firefox,1195,1284.2,857,6.7930507725
713,yale,0,firefox,1224,1665.6,1211,12.8943330535
714,yale,0,firefox,1378,1598.1,1044,7.3488894255
715,yale,0,firefox,2236,2050,1951,16.45821093
716,yale,0,firefox,2368,803,1982,7.0250052105
717,yale,0,firefox,1308,618.8,922,11.742785899
718,yale,0,firefox,1235,1148.7,864,9.2584143635
719,moz,1,chrome,1521,1487.1,1487.1,7.598926337
720,moz,1,chrome,1634,1612.8,1612.8,8.851585637
721,moz,1,chrome,1593,1557.2,1557.2,15.9212187655
722,moz,1,chrome,1459,1425.6,1425.6,12.920459602
723,moz,1,chrome,1548,1501.7,1501.7,9.980684717
724,moz,1,chrome,1530,1491.6,1491.6,24.6413764045
725,moz,1,chrome,1589,1542.2,1542.2,12.3351260505
726,moz,1,chrome,1553,1506.4,1506.4,17.1520976775
727,moz,1,chrome,3216,2161.4,2161.4,13.380143593
728,moz,1,chrome,1637,1479.6,1479.6,9.4925167685
729,moz,1,firefox,4317,869.3,3165,13.303832495
730,moz,1,firefox,2978,1282.4,2008,16.8781915575
731,moz,1,firefox,3950,897.2,3009,11.8731494145
732,moz,1,firefox,2982,1028.2,2005,16.280893261
733,moz,1,firefox,3959,1185.7,3068,19.0851365085
734,moz,1,firefox,2940,1057.8,1905,15.114510535
735,moz,1,firefox,4915,1783.9,3631,14.130942149
736,moz,1,firefox,4805,1261.5,3523,13.384201204
737,moz,1,firefox,2858,786.1,2016,14.284268013
738,moz,1,firefox,4073,2607.1,3111,20.4667914885
739,ietf,1,chrome,693,663,663,3.3906820845
740,ietf,1,chrome,568,623.1,623.1,1.4977765335
741,ietf,1,chrome,621,677.7,677.7,2.588904361
742,ietf,1,chrome,653,702.8,702.8,2.729695162
743,ietf,1,chrome,620,690.9,690.9,4.170716396
744,ietf,1,chrome,751,824,824,6.20314295
745,ietf,1,chrome,886,1124.2,1124.2,2.34828695
746,ietf,1,chrome,612,659.2,659.2,6.238736
747,ietf,1,chrome,589,640.8,640.8,4.9280656155
748,ietf,1,chrome,608,699.2,699.2,5.441632839
749,ietf,1,firefox,480,1423.4,349,7.024064839
750,ietf,1,firefox,510,1033.2,362,9.3178301675
751,ietf,1,firefox,548,1258.5,397,8.2895578995
752,ietf,1,firefox,477,388.6,349,9.0878874315
753,ietf,1,firefox,419,1665.6,294,10.3949862645
754,ietf,1,firefox,439,1319.6,282,13.787552503
755,ietf,1,firefox,538,1302.8,317,5.608282526
756,ietf,1,firefox,865,1364.3,572,12.56642666
757,ietf,1,firefox,508,2487.1,298,7.293614572
758,ietf,1,firefox,487,1338.4,318,6.8443435765
759,drupal,1,chrome,2527,659,659,12.9190059875
760,drupal,1,chrome,2462,738.4,738.4,13.3571631445
761,drupal,1,chrome,2642,736.8,736.8,41.429029476
762,drupal,1,chrome,2563,692.4,692.4,32.197211016
763,drupal,1,chrome,2524,636.5,636.5,1.368371055
764,drupal,1,chrome,2558,794.8,794.8,33.7038220205
765,drupal,1,chrome,2809,1290.1,1290.1,7.9374377405
766,drupal,1,chrome,3706,1513.7,1513.7,33.0063991095
767,drupal,1,chrome,2547,767,767,32.0830297925
768,drupal,1,chrome,2577,822.1,822.1,36.710796417
769,drupal,1,firefox,1664,698.3,574,15.33743254
770,drupal,1,firefox,2444,683.1,482,49.0815510535
771,drupal,1,firefox,2370,725.5,506,34.843560651
772,drupal,1,firefox,2127,605,520,27.2156211155
773,drupal,1,firefox,2307,2050,512,37.3169931635
774,drupal,1,firefox,2133,564.3,507,29.2155132665
775,drupal,1,firefox,2148,1736.2,507,27.984451723
776,drupal,1,firefox,2366,955,573,39.9634180025
777,drupal,1,firefox,2959,1532.8,997,43.122704417
778,drupal,1,firefox,1620,1215.8,526,27.655577375
779,cambridge,0,chrome,1788,1351,1351,5.8335955345
780,cambridge,0,chrome,1973,1388.2,1388.2,6.6963987175
781,cambridge,0,chrome,1896,1419.1,1419.1,12.8571459605
782,cambridge,0,chrome,1775,1377.6,1377.6,5.487595773
783,cambridge,0,chrome,2891,2459.1,2459.1,12.7493741505
784,cambridge,0,chrome,1897,1386.1,1386.1,10.2945864305
785,cambridge,0,chrome,1842,1306,1306,5.645845974
786,cambridge,0,chrome,1780,1329.6,1329.6,11.801838495
787,cambridge,0,chrome,1807,1385,1385,6.314511359
788,cambridge,0,chrome,2017,1347.1,1347.1,6.308562745
789,cambridge,0,firefox,1905,803.9,830,20.6453747065
790,cambridge,0,firefox,2221,1337.9,910,14.529928801
791,cambridge,0,firefox,1981,940.9,836,11.882494653
792,cambridge,0,firefox,2082,2062.1,840,19.326676367
793,cambridge,0,firefox,2008,863.8,821,10.836098973
794,cambridge,0,firefox,2045,1358.2,849,18.845180605
795,cambridge,0,firefox,1981,869.2,826,10.2481421995
796,cambridge,0,firefox,1951,1302.8,819,16.701951641
797,cambridge,0,firefox,1855,1506.4,802,15.117544333
798,cambridge,0,firefox,2757,1335.4,1410,17.6610986665
799,ft,0,chrome,2406,1393.8,1393.8,9.9200847135
800,ft,0,chrome,2619,1384.3,1384.3,11.666751018
801,ft,0,chrome,2410,1464.9,1464.9,10.2056552665
802,ft,0,chrome,2348,1468,1468,9.9308022285
803,ft,0,chrome,2552,1497.1,1497.1,10.52235607
804,ft,0,chrome,2383,1444,1444,9.4420549915
805,ft,0,chrome,2417,1462.1,1462.1,9.753953832
806,ft,0,chrome,2565,1422.5,1422.5,6.368354816
807,ft,0,chrome,2987,1794.4,1794.4,8.193019162
808,ft,0,chrome,2504,1463.2,1463.2,6.459134834
809,ft,0,firefox,3094,2016.9,2416,10.505172904
810,ft,0,firefox,4077,1292.3,3269,30.0493027985
811,ft,0,firefox,2972,1282.4,2292,17.8523414925
812,ft,0,firefox,4189,1231.9,3548,14.8257148865
813,ft,0,firefox,3065,1011.8,2240,13.6548520755
814,ft,0,firefox,4187,1135.1,3505,21.80394968
815,ft,0,firefox,6098,1915.8,4672,20.024403552
816,ft,0,firefox,6068,1923.7,4892,25.2318602695
817,ft,0,firefox,2846,401.9,2291,12.139248443
818,ft,0,firefox,4088,640.8,3397,23.3821892535
819,blogger,0,chrome,534,801.9,801.9,24.9387157025
820,blogger,0,chrome,575,709.4,709.4,29.5978243145
821,blogger,0,chrome,618,777.1,777.1,25.166681196
822,blogger,0,chrome,636,792.7,792.7,26.3151574205
823,blogger,0,chrome,562,730.5,730.5,2.7726856905
824,blogger,0,chrome,1238,1335.4,1335.4,23.8936648355
825,blogger,0,chrome,567,712.8,712.8,17.0238961835
826,blogger,0,chrome,601,753.8,753.8,22.157833447
827,blogger,0,chrome,657,825.6,825.6,26.353762362
828,blogger,0,chrome,598,737.9,737.9,21.8991164365
829,blogger,0,firefox,654,638.9,526,61.2717203405
830,blogger,0,firefox,736,1180.8,509,75.03779459
831,blogger,0,firefox,847,870.8,692,64.766344309
832,blogger,0,firefox,703,970.1,468,61.0163624365
833,blogger,0,firefox,734,679.5,555,68.6474114455
834,blogger,0,firefox,774,1731,665,72.7580891375
835,blogger,0,firefox,634,3448.2,491,62.845792981
836,blogger,0,firefox,607,1041.9,324,83.8293681695
837,blogger,0,firefox,912,826.1,436,61.761296261
838,blogger,0,firefox,1467,846.6,1156,80.78753874
839,fda,1,chrome,775,644.3,644.3,7.618613598
840,fda,1,chrome,953,748.3,748.3,3.3881772895
841,fda,1,chrome,771,723.8,723.8,3.331507758
842,fda,1,chrome,822,737.4,737.4,9.050285909
843,fda,1,chrome,940,661.4,661.4,6.4528609665
844,fda,1,chrome,841,716.4,716.4,4.390382197
845,fda,1,chrome,1496,1359.7,1359.7,4.111571846
846,fda,1,chrome,1500,1213.9,1213.9,8.504171222
847,fda,1,chrome,731,700.5,700.5,6.9710536545
848,fda,1,chrome,841,743.2,743.2,3.858504602
849,fda,1,firefox,761,1258.5,476,7.42346844
850,fda,1,firefox,755,652.8,469,6.6215162695
851,fda,1,firefox,842,1295,516,6.605272211
852,fda,1,firefox,1782,787.3,455,14.3703412335
853,fda,1,firefox,888,958.8,575,4.033053028
854,fda,1,firefox,776,1312.5,480,8.661425493
855,fda,1,firefox,1541,1139.2,1042,12.546292295
856,fda,1,firefox,760,718,459,8.8008263975
857,fda,1,firefox,790,822.1,492,7.142145521
858,fda,1,firefox,808,1479.6,501,5.4619294285
859,ft,1,chrome,2478,1356.4,1356.4,19.0174547415
860,ft,1,chrome,2467,1268.4,1268.4,7.82420702
861,ft,1,chrome,2245,1292.3,1292.3,11.4662332535
862,ft,1,chrome,2505,1253.8,1253.8,9.2016386035
863,ft,1,chrome,2216,1242.2,1242.2,12.4801203755
864,ft,1,chrome,2381,1312.5,1312.5,14.160754206
865,ft,1,chrome,2277,1280,1280,16.0643836465
866,ft,1,chrome,2517,1333.9,1333.9,14.9953883305
867,ft,1,chrome,2233,1261.8,1261.8,11.3635643415
868,ft,1,chrome,2491,1278.1,1278.1,15.29321163
869,ft,1,firefox,2696,1070.6,1623,13.8927373365
870,ft,1,firefox,2579,794.3,1460,19.8062702695
871,ft,1,firefox,3604,1333.9,2732,10.792247694
872,ft,1,firefox,2695,1258.5,1885,15.165773419
873,ft,1,firefox,3755,2711.9,2820,16.769319557
874,ft,1,firefox,3682,661.4,2593,14.815879751
875,ft,1,firefox,3756,2552.2,2854,20.292670405
876,ft,1,firefox,2634,581.6,1787,22.0993368735
877,ft,1,firefox,2578,2337.4,1695,30.1304299595
878,ft,1,firefox,3668,905.3,2745,16.288568218
879,statcounter,1,chrome,1248,672.2,672.2,5.626047122
880,statcounter,1,chrome,1255,627.3,627.3,6.0246060865
881,statcounter,1,chrome,2149,585.6,585.6,3.3627117455
882,statcounter,1,chrome,1282,682.2,682.2,5.8055877065
883,statcounter,1,chrome,1745,1176.7,1176.7,6.807110959
884,statcounter,1,chrome,1246,576.8,576.8,3.1776767755
885,statcounter,1,chrome,1311,602.8,602.8,4.9602633235
886,statcounter,1,chrome,2337,605.5,605.5,5.7383792255
887,statcounter,1,chrome,1229,546.8,546.8,5.193669126
888,statcounter,1,chrome,1237,570,570,4.545402338
889,statcounter,1,firefox,1958,1834.2,354,10.536682098
890,statcounter,1,firefox,1345,1337.9,354,13.6444113295
891,statcounter,1,firefox,1414,379,353,12.035928959
892,statcounter,1,firefox,1339,1011.8,338,8.2758075575
893,statcounter,1,firefox,1317,1179.4,335,11.939867422
894,statcounter,1,firefox,1345,1786.3,383,6.0938408505
895,statcounter,1,firefox,1373,3448.2,341,12.5980646125
896,statcounter,1,firefox,1334,728.5,342,10.80195678
897,statcounter,1,firefox,1421,612.2,382,14.957700703
898,statcounter,1,firefox,1399,1108.1,454,16.8497345945
919,bootstrap,0,chrome,980,1394.1,1394.1,3.424969911
920,bootstrap,0,chrome,855,1288.7,1288.7,2.111311728
921,bootstrap,0,chrome,685,1224,1224,5.5493856095
922,bootstrap,0,chrome,717,1280.6,1280.6,2.314085454
923,bootstrap,0,chrome,812,1226.7,1226.7,3.5972585755
924,bootstrap,0,chrome,1058,1587,1587,2.9861449935
925,bootstrap,0,chrome,631,1119.5,1119.5,4.0450444995
926,bootstrap,0,chrome,758,1196.1,1196.1,1.9408767065
927,bootstrap,0,chrome,779,1288,1288,4.275663474
928,bootstrap,0,chrome,673,1118,1118,7.502644851
929,bootstrap,0,firefox,488,1050.8,476,12.985341861
930,bootstrap,0,firefox,451,876.3,444,7.2139253405
931,bootstrap,0,firefox,506,379,493,6.467395754
932,bootstrap,0,firefox,529,1384.3,515,6.5468687415
933,bootstrap,0,firefox,544,1181.3,489,10.0130799515
934,bootstrap,0,firefox,524,736,516,8.012273494
935,bootstrap,0,firefox,464,767,448,6.6123228175
936,bootstrap,0,firefox,450,1732,442,14.0228042485
937,bootstrap,0,firefox,538,1266.4,532,10.065512654
938,bootstrap,0,firefox,561,602.9,547,2.150927292
939,stackexhange,1,chrome,783,1158.6,1158.6,7.2548131525
940,stackexhange,1,chrome,768,1136.3,1136.3,5.8332954845
941,stackexhange,1,chrome,848,1225.2,1225.2,7.5990449615
942,stackexhange,1,chrome,829,1231.9,1231.9,5.4954931155
943,stackexhange,1,chrome,755,1123.5,1123.5,4.2562019395
944,stackexhange,1,chrome,782,1168.5,1168.5,4.4870729205
945,stackexhange,1,chrome,811,1185.7,1185.7,6.8935769365
946,stackexhange,1,chrome,2333,2693.4,2693.4,7.803339688
947,stackexhange,1,chrome,749,1119.2,1119.2,10.710795507
948,stackexhange,1,chrome,812,1190.9,1190.9,5.2702192215
949,stackexhange,1,firefox,762,379.6,419,12.1118629
950,stackexhange,1,firefox,779,2084.7,675,9.7477524045
951,stackexhange,1,firefox,842,766.3,668,14.614579773
952,stackexhange,1,firefox,812,822.2,678,14.438132488
953,stackexhange,1,firefox,815,1242.2,467,10.585524232
954,stackexhange,1,firefox,839,3324.4,661,15.7747805555
955,stackexhange,1,firefox,1725,1532.8,722,6.560096082
956,stackexhange,1,firefox,755,624.3,604,8.3210246845
957,stackexhange,1,firefox,835,1215.8,680,10.8916441705
958,stackexhange,1,firefox,758,1609.4,410,16.7897076825
959,ftc,0,chrome,1734,1437.1,1437.1,6.073863212
960,ftc,0,chrome,1595,1375.7,1375.7,4.867461878
961,ftc,0,chrome,1641,1408.9,1408.9,12.979233706
962,ftc,0,chrome,2011,1714.3,1714.3,5.511120119
963,ftc,0,chrome,1618,1389.6,1389.6,11.4402116075
964,ftc,0,chrome,1724,1454.3,1454.3,6.043973464
965,ftc,0,chrome,1702,1411.4,1411.4,6.783769551
966,ftc,0,chrome,1861,1500.2,1500.2,10.310262472
967,ftc,0,chrome,3100,2209,2209,8.4629008795
968,ftc,0,chrome,1878,1525.5,1525.5,7.9392148705
969,ftc,0,firefox,1939,379,1038,9.9422526135
970,ftc,0,firefox,1993,1163,1097,9.756870591
971,ftc,0,firefox,1924,1292.3,1025,11.129365292
972,ftc,0,firefox,1965,1425.6,1057,12.2835172825
973,ftc,0,firefox,1887,1291.1,984,11.6725297705
974,ftc,0,firefox,1912,1039.8,1028,13.569411979
975,ftc,0,firefox,1939,825,991,10.8762063435
976,ftc,0,firefox,2045,1191.8,1125,18.1819408395
977,ftc,0,firefox,1939,559.7,1007,11.1593414475
978,ftc,0,firefox,1996,743.2,1069,15.5809835845
979,aparat,0,chrome,1325,1584.7,1584.7,8.3265402045
980,aparat,0,chrome,1320,1571.9,1571.9,8.8964989635
981,aparat,0,chrome,1389,1645.1,1645.1,9.1318177595
982,aparat,0,chrome,1500,1762.4,1762.4,6.3402780135
983,aparat,0,chrome,1278,1531.8,1531.8,8.532730774
984,aparat,0,chrome,1306,1557.4,1557.4,15.201538548
985,aparat,0,chrome,1266,1512,1512,6.889178373
986,aparat,0,chrome,1367,1609.4,1609.4,6.2376451175
987,aparat,0,chrome,1285,1557.4,1557.4,9.72104412
988,aparat,0,chrome,1265,1513.8,1513.8,9.7218041805
989,aparat,0,firefox,1390,2483.4,1219,7.3641713645
990,aparat,0,firefox,2284,794.3,1921,10.7473399145
991,aparat,0,firefox,1262,1504.1,1191,11.1149652385
992,aparat,0,firefox,1298,1291.1,1168,13.382593122
993,aparat,0,firefox,2122,1295,1870,19.0292658385
994,aparat,0,firefox,1225,1226.7,1158,11.827147174
995,aparat,0,firefox,1265,1411.4,1194,15.762061168
996,aparat,0,firefox,1257,644.8,1113,17.936144357
997,aparat,0,firefox,1340,385.7,1201,18.7466875865
998,aparat,0,firefox,1270,1266.4,1118,13.4801180415
999,adobe,1,chrome,3860,2052.8,2052.8,13.417577269
1000,adobe,1,chrome,3985,2016.9,2016.9,10.71735561
1001,adobe,1,chrome,3799,2168.7,2168.7,16.0790186515
1002,adobe,1,chrome,4240,2084.7,2084.7,13.9968413965
1003,adobe,1,chrome,3794,2050,2050,10.722719084
1004,adobe,1,chrome,4120,2063.6,2063.6,7.377913656
1005,adobe,1,chrome,4229,2120.9,2120.9,9.463163012
1006,adobe,1,chrome,4931,3074.8,3074.8,18.6708563565
1007,adobe,1,chrome,5443,2783.2,2783.2,7.783393766
1008,adobe,1,chrome,4070,2128.7,2128.7,15.642298296
1009,adobe,1,firefox,3220,1487.1,2045,15.049072383
1010,adobe,1,firefox,3454,782.6,2444,17.171653315
1011,adobe,1,firefox,3400,570.9,2439,20.430766628
1012,adobe,1,firefox,3501,1282.4,2430,15.026069793
1013,adobe,1,firefox,3485,2050,2495,13.5086857675
1014,adobe,1,firefox,3470,1007.8,2542,17.9000050175
1015,adobe,1,firefox,5493,1526.9,3711,14.283704668
1016,adobe,1,firefox,3387,360.9,2475,14.8450587975
1017,adobe,1,firefox,3436,2487.1,2381,22.8527716985
1018,adobe,1,firefox,3443,822.1,2454,18.6694900825
1019,ed,1,chrome,667,894.2,894.2,5.769361816
1020,ed,1,chrome,727,980.3,980.3,2.8233868245
1021,ed,1,chrome,704,869.3,869.3,4.2711512075
1022,ed,1,chrome,612,862.2,862.2,5.541914623
1023,ed,1,chrome,1382,1614.9,1614.9,5.916305888
1024,ed,1,chrome,652,800.4,800.4,2.956924439
1025,ed,1,chrome,647,921.1,921.1,6.348446545
1026,ed,1,chrome,727,975,975,4.3137708435
1027,ed,1,chrome,634,892,892,3.079547059
1028,ed,1,chrome,611,771,771,5.2339370975
1029,ed,1,firefox,624,400.1,624,14.7868850685
1030,ed,1,firefox,718,601.5,574,13.2839649435
1031,ed,1,firefox,660,772.5,504,8.347577332
1032,ed,1,firefox,600,419.3,592,7.118078436
1033,ed,1,firefox,561,931,545,7.400714826
1034,ed,1,firefox,582,1003.5,571,7.823826041
1035,ed,1,firefox,696,1229.3,550,11.7807938275
1036,ed,1,firefox,592,933.6,436,6.905938795
1037,ed,1,firefox,675,1187.9,507,12.508981836
1038,ed,1,firefox,606,1215.8,589,8.2290216885
1039,adobe,0,chrome,4160,2521.5,2521.5,10.0190370355
1040,adobe,0,chrome,3842,2466,2466,13.2085150765
1041,adobe,0,chrome,4353,2536.2,2536.2,5.193563867
1042,adobe,0,chrome,4542,2483.4,2483.4,9.62323817
1043,adobe,0,chrome,4169,2552.2,2552.2,11.0049993945
1044,adobe,0,chrome,4237,2497.4,2497.4,11.7585548315
1045,adobe,0,chrome,4867,3997.4,3997.4,7.964157579
1046,adobe,0,chrome,4411,2444.5,2444.5,8.7117364275
1047,adobe,0,chrome,4320,2541.4,2541.4,4.85014514
1048,adobe,0,chrome,3946,2378.5,2378.5,9.729111669
1049,adobe,0,firefox,3441,415.3,3226,14.929349191
1050,adobe,0,firefox,4245,1836.8,4028,17.0595794955
1051,adobe,0,firefox,3472,817.5,2923,15.176814553
1052,adobe,0,firefox,4366,1056.6,4174,21.6230175545
1053,adobe,0,firefox,4231,805.3,4030,15.340083866
1054,adobe,0,firefox,3478,1083.2,3294,13.08634977
1055,adobe,0,firefox,4237,1386.1,3696,11.340261538
1056,adobe,0,firefox,3851,1144.3,3209,14.5816320995
1057,adobe,0,firefox,3955,698.8,3785,8.0408809945
1058,adobe,0,firefox,3457,892,3253,12.8779178025
1059,npr,1,chrome,1880,375.3,2392.4,17.0768546925
1060,npr,1,chrome,1905,392,2030.7,24.6254923585
1061,npr,1,chrome,1861,360.8,2341.6,15.3816145285
1062,npr,1,chrome,1890,374.3,2363.6,20.888327464
1063,npr,1,chrome,1857,361.6,2369.6,26.590418019
1064,npr,1,chrome,1951,384.7,2083.7,23.7680222315
1065,npr,1,chrome,1861,350.9,2379,22.1394530615
1066,npr,1,chrome,1880,315,2000.1,19.238203378
1067,npr,1,chrome,1860,329.5,2329.2,23.2186037315
1068,npr,1,chrome,1867,330.2,2370.5,26.3150185455
1069,npr,1,firefox,2781,1055.7,2531,33.336139614
1070,npr,1,firefox,3405,1291.1,3150,29.8768008895
1071,npr,1,firefox,2675,1122.5,2424,10.452439525
1072,npr,1,firefox,2701,779.2,2445,35.441105413
1073,npr,1,firefox,3324,596,3070,26.4137148075
1074,npr,1,firefox,3454,1233.5,3189,23.03621506
1075,npr,1,firefox,3276,938.2,3039,29.7135017575
1076,npr,1,firefox,2666,905.3,2430,38.288721848
1077,npr,1,firefox,3398,2783.2,2794,24.4586892695
1078,npr,1,firefox,2682,1132.3,2459,39.556900394
1079,github,0,chrome,1900,1504.1,1504.1,43.4493616645
1080,github,0,chrome,1955,1836.8,1836.8,40.270518275
1081,github,0,chrome,1737,1736.7,1736.7,37.8871105335
1082,github,0,chrome,1919,1800.5,1800.5,45.467216077
1083,github,0,chrome,1925,2125.9,2125.9,27.592112329
1084,github,0,chrome,1914,1781.3,1781.3,43.8645151545
1085,github,0,chrome,1750,1770.1,1770.1,40.577306083
1086,github,0,chrome,2199,2456.9,2456.9,46.9717128215
1087,github,0,chrome,3125,2937.2,2937.2,50.010599805
1088,github,0,chrome,1657,1730.3,1730.3,43.8910955815
1089,github,0,firefox,3484,1066,2119,19.6911219675
1090,github,0,firefox,2474,757.6,1159,49.0483807595
1091,github,0,firefox,2435,941,1130,27.230785078
1092,github,0,firefox,2507,1836.1,2125,28.53310216
1093,github,0,firefox,2462,1272.4,1077,8.6192192125
1094,github,0,firefox,2517,1770.1,1143,33.478838255
1095,github,0,firefox,1791,1185.7,1309,37.433617991
1096,github,0,firefox,2226,1495,1530,24.0192337205
1097,github,0,firefox,1272,1909.6,892,14.490151975
1098,github,0,firefox,2392,1367.7,1071,46.092940849
1099,adsrvr,1,chrome,477,525,525,7.3074788365
1100,adsrvr,1,chrome,506,563.1,563.1,4.1487386855
1101,adsrvr,1,chrome,471,505.7,505.7,3.5077956345
1102,adsrvr,1,chrome,479,454.2,454.2,2.369091414
1103,adsrvr,1,chrome,634,717,717,5.2107679465
1104,adsrvr,1,chrome,475,509.4,509.4,1.102899492
1105,adsrvr,1,chrome,467,485.5,485.5,3.330984104
1106,adsrvr,1,chrome,474,531.6,531.6,8.1548951555
1107,adsrvr,1,chrome,475,491.8,491.8,2.2249913055
1108,adsrvr,1,chrome,471,498.1,498.1,4.6969402745
1109,adsrvr,1,firefox,413,360.8,203,6.767776227
1110,adsrvr,1,firefox,355,374.3,175,11.348745958
1111,adsrvr,1,firefox,367,1033.9,191,6.2135145315
1112,adsrvr,1,firefox,401,509.4,230,8.979070053
1113,adsrvr,1,firefox,322,1272.4,179,13.414278086
1114,adsrvr,1,firefox,459,916.8,274,6.050367261
1115,adsrvr,1,firefox,583,1874.6,327,14.2353480145
1116,adsrvr,1,firefox,636,1495,384,5.219251253
1117,adsrvr,1,firefox,320,1730.3,170,5.674701655
1118,adsrvr,1,firefox,345,640.8,152,10.37714614
1119,cnblogs,0,chrome,1105,1188.7,1188.7,6.1377420035
1120,cnblogs,0,chrome,1052,1138.5,1138.5,6.4994154355
1121,cnblogs,0,chrome,980,1071.7,1071.7,4.563161925
1122,cnblogs,0,chrome,1048,1032.5,1032.5,5.559509891
1123,cnblogs,0,chrome,911,901,901,8.6708876665
1124,cnblogs,0,chrome,938,1010.4,1010.4,7.03151005
1125,cnblogs,0,chrome,1053,1135.1,1135.1,1.729423473
1126,cnblogs,0,chrome,1800,1911.7,1911.7,6.4295755965
1127,cnblogs,0,chrome,971,955.7,955.7,7.7207126035
1128,cnblogs,0,chrome,939,1023.1,1023.1,6.6302161695
1129,cnblogs,0,firefox,1083,1051.8,889,10.281712913
1130,cnblogs,0,firefox,908,631.2,894,11.76187669
1131,cnblogs,0,firefox,1097,687,917,10.6763368375
1132,cnblogs,0,firefox,789,618.8,600,11.431686136
1133,cnblogs,0,firefox,871,1213.1,714,10.818230956
1134,cnblogs,0,firefox,856,1315.8,694,10.3679688265
1135,cnblogs,0,firefox,1121,3448.2,938,13.623297751
1136,cnblogs,0,firefox,1826,1495,1431,11.9583520555
1137,cnblogs,0,firefox,807,1215.8,620,9.539335608
1138,cnblogs,0,firefox,891,1702.8,724,12.8616793225
1139,loc,1,chrome,4269,1081.7,1081.7,15.8223339135
1140,loc,1,chrome,4369,1166.7,1166.7,9.4764967
1141,loc,1,chrome,4362,1187.5,1187.5,4.3942937155
1142,loc,1,chrome,4338,1157.9,1157.9,7.7825065105
1143,loc,1,chrome,4359,1284.2,1284.2,9.7836371455
1144,loc,1,chrome,4318,1164.9,1164.9,8.1040984705
1145,loc,1,chrome,4323,1111.6,1111.6,12.0348472735
1146,loc,1,chrome,4241,1015.1,1015.1,1.6978869705
1147,loc,1,chrome,4290,1118.9,1118.9,6.93844758
1148,loc,1,chrome,4276,1123.8,1123.8,7.937317853
1149,loc,1,firefox,4327,1423.4,864,19.7644289465
1150,loc,1,firefox,2833,570.9,904,8.7936174005
1151,loc,1,firefox,4373,876.3,899,16.333522432
1152,loc,1,firefox,4281,640.4,726,7.5347942505
1153,loc,1,firefox,4429,1790.8,983,9.1228797155
1154,loc,1,firefox,4378,1007.8,872,12.559602379
1155,loc,1,firefox,3978,1354.4,1765,15.560392084
1156,loc,1,firefox,5380,623.3,1781,9.057764139
1157,loc,1,firefox,4383,369.3,863,22.0204083505
1158,loc,1,firefox,4963,2783.2,1530,18.4129274345
1159,moodle,1,chrome,1107,1205.5,1205.5,13.1772646195
1160,moodle,1,chrome,1148,1258.5,1258.5,6.392547087
1161,moodle,1,chrome,1150,1187.1,1187.1,7.9743509025
1162,moodle,1,chrome,1107,1181.3,1181.3,8.343782295
1163,moodle,1,chrome,1102,1184.9,1184.9,8.135550081
1164,moodle,1,chrome,1101,1229.3,1229.3,8.366951216
1165,moodle,1,chrome,2416,2487.1,2487.1,7.376766086
1166,moodle,1,chrome,1045,1132.3,1132.3,5.1604896945
1167,moodle,1,chrome,1137,1232.2,1232.2,5.5199698505
1168,moodle,1,chrome,1190,1244.8,1244.8,7.6274594015
1169,moodle,1,firefox,1172,902,1055,10.494931309
1170,moodle,1,firefox,1548,869.3,1444,19.714150659
1171,moodle,1,firefox,1157,1121.8,1018,15.4555109245
1172,moodle,1,firefox,1339,505.7,1185,10.71593942
1173,moodle,1,firefox,1358,1626.9,1239,13.7039149615
1174,moodle,1,firefox,1326,900.3,1184,7.298144586
1175,moodle,1,firefox,2178,1495,1773,12.032036908
1176,moodle,1,firefox,1185,2541.4,1068,19.8157504045
1177,moodle,1,firefox,1311,574.3,1198,13.882716681
1178,moodle,1,firefox,1269,1463.2,1113,15.9496358335
1179,moodle,0,chrome,1867,2014.8,2014.8,8.8896316715
1180,moodle,0,chrome,1919,2062.1,2062.1,5.226340943
1181,moodle,0,chrome,1924,2059.9,2059.9,4.658905704
1182,moodle,0,chrome,1935,2069.2,2069.2,3.1557523965
1183,moodle,0,chrome,1890,2043.3,2043.3,6.982073225
1184,moodle,0,chrome,1842,1995.2,1995.2,10.985719924
1185,moodle,0,chrome,1929,2070.5,2070.5,7.859161986
1186,moodle,0,chrome,1824,2053.8,2053.8,1.0145350115
1187,moodle,0,chrome,2518,2756.1,2756.1,6.900659327
1188,moodle,0,chrome,1743,1909.6,1909.6,2.330229249
1189,moodle,0,firefox,1967,1187.4,1844,8.6289402015
1190,moodle,0,firefox,1857,1033.2,1274,15.23952539
1191,moodle,0,firefox,1912,981.1,1754,10.496348235
1192,moodle,0,firefox,1809,1120.5,1715,8.2205463375
1193,moodle,0,firefox,1853,638,1768,9.2778877215
1194,moodle,0,firefox,1907,1039.8,1775,11.9159301475
1195,moodle,0,firefox,1963,1007.8,1823,16.689873917
1196,moodle,0,firefox,1746,794.8,1634,14.6830217465
1197,moodle,0,firefox,1885,385.7,1720,9.1511013695
1198,moodle,0,firefox,1834,1390.2,1694,8.151965073
1199,lencr,0,chrome,517,863.8,863.8,5.3338031375
1200,lencr,0,chrome,372,708.7,708.7,2.656698794
1201,lencr,0,chrome,368,713.2,713.2,2.1890932765
1202,lencr,0,chrome,398,728.5,728.5,5.13711984
1203,lencr,0,chrome,805,1191,1191,8.063702876
1204,lencr,0,chrome,971,1397.4,1397.4,2.6795675875
1205,lencr,0,chrome,356,674.8,674.8,4.3374095875
1206,lencr,0,chrome,382,736,736,2.500547092
1207,lencr,0,chrome,380,729.9,729.9,4.0419977705
1208,lencr,0,chrome,386,734.8,734.8,0.5896739585
1209,lencr,0,firefox,344,2490.8,339,9.962300202
1210,lencr,0,firefox,403,1268.4,351,11.183042926
1211,lencr,0,firefox,299,763.6,287,8.596838986
1212,lencr,0,firefox,311,940.9,266,6.2242914775
1213,lencr,0,firefox,286,862.2,293,8.6439933275
1214,lencr,0,firefox,300,623.3,243,4.2358331165
1215,lencr,0,firefox,304,1123.5,260,8.5438165835
1216,lencr,0,firefox,311,1506.4,301,6.2183487415
1217,lencr,0,firefox,320,1132.3,263,4.5508344705
1218,lencr,0,firefox,327,2197.6,267,12.317498038
1219,apple,1,chrome,1430,983.5,1134.8,14.877551046
1220,apple,1,chrome,1499,924.2,1073.9,9.6315669105
1221,apple,1,chrome,1439,945.6,1086.1,11.1097121955
1222,apple,1,chrome,1485,779.2,1094.1,13.84126584
1223,apple,1,chrome,1446,1008.2,1129.8,13.1739484835
1224,apple,1,chrome,1481,841.8,1102.9,11.94597479
1225,apple,1,chrome,2428,1687.1,1708.3,7.5432669035
1226,apple,1,chrome,3079,1923.7,1973.4,12.093198923
1227,apple,1,chrome,2423,1744.8,1770.1,13.479234086
1228,apple,1,chrome,1405,1051.3,1184.8,11.5160824365
1229,apple,1,firefox,1616,1333.9,1085,30.920611677
1230,apple,1,firefox,1649,2280,1102,29.455034146
1231,apple,1,firefox,1360,1790.8,877,30.284085391
1232,apple,1,firefox,1517,1312.5,916,31.7367956185
1233,apple,1,firefox,3441,1915.8,1815,26.914717181
1234,apple,1,firefox,1544,790.2,1304,33.652552192
1235,apple,1,firefox,1595,756.6,1113,30.0577647975
1236,apple,1,firefox,1615,1499,1352,34.401099524
1237,apple,1,firefox,1582,718,1021,33.9991556115
1238,apple,1,firefox,1550,991.5,1005,27.128173534
1239,xnxx,1,chrome,1302,888.9,888.9,18.7804640675
1240,xnxx,1,chrome,1251,847.1,847.1,15.214659451
1241,xnxx,1,chrome,1238,838.6,838.6,17.4240345705
1242,xnxx,1,chrome,1326,931.5,931.5,25.132681084
1243,xnxx,1,chrome,1342,864.6,864.6,25.205144708
1244,xnxx,1,chrome,1337,851.2,851.2,11.0289795475
1245,xnxx,1,chrome,1262,872.4,872.4,18.9283192175
1246,xnxx,1,chrome,2902,1494.9,1494.9,10.7629857995
1247,xnxx,1,chrome,1384,926.4,926.4,20.7982804745
1248,xnxx,1,chrome,1319,928.5,928.5,23.9375159155
1249,xnxx,1,firefox,1130,1082.7,995,87.4433511215
1250,xnxx,1,firefox,1142,757.6,998,86.8644864185
1251,xnxx,1,firefox,1259,4995.5,1080,91.5474936975
1252,xnxx,1,firefox,1097,2084.7,965,87.761455451
1253,xnxx,1,firefox,1150,1193.7,1016,83.3708279215
1254,xnxx,1,firefox,982,1233.5,863,73.5085072985
1255,xnxx,1,firefox,964,728.5,828,66.8343834925
1256,xnxx,1,firefox,1071,1386.1,951,78.168395688
1257,xnxx,1,firefox,1094,736,961,52.372788617
1258,xnxx,1,firefox,1143,1338.4,1005,72.84840759
1278,live,0,chrome,498,1272.2,1272.2,7.567999917
1279,live,0,chrome,529,1310.8,1310.8,7.41069128
1280,live,0,chrome,554,1325.6,1325.6,9.22891607
1281,live,0,chrome,517,1358.2,1358.2,8.2922826655
1282,live,0,chrome,494,1276.9,1276.9,8.1478772905
1283,live,0,chrome,531,1385.7,1385.7,12.189646062
1284,live,0,chrome,515,1374.5,1374.5,10.1985836715
1285,live,0,chrome,485,1264.7,1264.7,7.205498147
1286,live,0,chrome,494,1390.2,1390.2,6.794269023
1287,live,0,chrome,547,1338.4,1338.4,1.458412099
1288,live,0,firefox,433,500.3,423,20.875494732
1289,live,0,firefox,482,2536.2,466,13.8275620765
1290,live,0,firefox,453,419.3,451,11.4499952085
1291,live,0,firefox,369,605,352,18.7132017975
1292,live,0,firefox,485,2084.7,483,9.8406478885
1293,live,0,firefox,431,825,413,9.596661571
1294,live,0,firefox,543,1373.9,525,11.7471819035
1295,live,0,firefox,803,751.4,794,15.8504763335
1296,live,0,firefox,453,674.7,444,20.3928713165
1297,live,0,firefox,442,733.3,438,16.764941496
1317,fda,0,chrome,1067,1055.7,1055.7,4.0679888185
1318,fda,0,chrome,1107,1120.5,1120.5,3.109905744
1319,fda,0,chrome,1341,1337.9,1337.9,7.1785902045
1320,fda,0,chrome,946,1328.8,1328.8,4.4819338915
1321,fda,0,chrome,1254,1283.6,1283.6,5.12796192
1322,fda,0,chrome,1689,1661.3,1661.3,6.164619043
1323,fda,0,chrome,1305,1337.6,1337.6,4.033923413
1324,fda,0,chrome,1273,1317.1,1317.1,3.0684355355
1325,fda,0,chrome,939,1214.2,1214.2,6.1088305765
1326,fda,0,chrome,1255,1285.2,1285.2,6.4326366415
1327,fda,0,firefox,1079,500.3,916,9.3492755245
1328,fda,0,firefox,1046,1306.1,873,14.384361929
1329,fda,0,firefox,1069,570.9,915,11.050744879
1330,fda,0,firefox,1115,1191.8,960,6.8442622835
1331,fda,0,firefox,1181,1135.1,1005,6.69253614
1332,fda,0,firefox,1106,559.5,947,9.6836317035
1333,fda,0,firefox,1034,975.6,871,13.414000991
1334,fda,0,firefox,1020,1232.2,1004,8.392608437
1335,fda,0,firefox,1104,743.2,937,11.416289757
1336,fda,0,firefox,1076,779.7,905,16.447021972
1356,cnblogs,1,chrome,1094,1180.5,1180.5,6.1297503225
1357,cnblogs,1,chrome,1080,1154.7,1154.7,5.6934196915
1358,cnblogs,1,chrome,942,1020.7,1020.7,7.907402654
1359,cnblogs,1,chrome,969,1056.4,1056.4,6.089428927
1360,cnblogs,1,chrome,1101,1181,1181,4.155819355
1361,cnblogs,1,chrome,1077,1064.4,1064.4,6.4973196625
1362,cnblogs,1,chrome,1033,1010.7,1010.7,4.9900210065
1363,cnblogs,1,chrome,1028,1003.6,1003.6,10.3252248715
1364,cnblogs,1,chrome,789,827.4,827.4,7.2628947195
1365,cnblogs,1,chrome,1002,1092.5,1092.5,8.1354769495
1366,cnblogs,1,firefox,891,605,743,11.5165600725
1367,cnblogs,1,firefox,945,581.6,775,11.604914004
1368,cnblogs,1,firefox,986,2050,845,13.0876542665
1369,cnblogs,1,firefox,855,1057.8,684,6.7838407105
1370,cnblogs,1,firefox,1874,2693.4,1363,9.6503266955
1371,cnblogs,1,firefox,1042,422.9,880,5.6783859485
1372,cnblogs,1,firefox,939,694,922,12.925108394
1373,cnblogs,1,firefox,971,933.6,807,8.532342046
1374,cnblogs,1,firefox,816,718,648,10.9827691435
1375,cnblogs,1,firefox,1060,1310.3,915,16.862296484
1376,csdn,1,chrome,1391,772.5,772.5,3.3640561135
1377,csdn,1,chrome,1471,831.8,831.8,6.144737926
1378,csdn,1,chrome,1585,1150.6,1150.6,7.6797673355
1379,csdn,1,chrome,1580,949.7,949.7,5.6705715755
1380,csdn,1,chrome,1391,968.1,968.1,6.4581237865
1381,csdn,1,chrome,2755,1261.5,1261.5,7.718940362
1382,csdn,1,chrome,3024,1526.9,1526.9,8.8761816005
1383,csdn,1,chrome,1371,946.4,946.4,8.847065452
1384,csdn,1,chrome,1348,897.1,897.1,15.8123081105
1385,csdn,1,chrome,1589,813.7,813.7,6.577807729
1386,csdn,1,firefox,927,432.2,763,15.3227141755
1387,csdn,1,firefox,1087,505.7,878,5.584447101
1388,csdn,1,firefox,1081,1722,446,8.109435805
1389,csdn,1,firefox,824,1329.8,681,8.4492123635
1390,csdn,1,firefox,845,1071.7,703,11.2760597255
1391,csdn,1,firefox,856,736.3,715,16.0491870655
1392,csdn,1,firefox,957,1386.1,429,10.9144350255
1393,csdn,1,firefox,871,643.4,347,21.800385504
1394,csdn,1,firefox,856,840.5,733,12.4368410005
1395,csdn,1,firefox,928,1609.4,766,5.624415822
1396,bootstrap,1,chrome,573,930.8,930.8,5.726992696
1397,bootstrap,1,chrome,601,1033.2,1033.2,6.024866193
1398,bootstrap,1,chrome,551,869.2,869.2,5.1125273985
1399,bootstrap,1,chrome,584,900.3,900.3,4.9543582965
1400,bootstrap,1,chrome,659,978.4,978.4,6.937327354
1401,bootstrap,1,chrome,612,981.4,981.4,6.120802074
1402,bootstrap,1,chrome,803,1242.6,1242.6,3.4554913155
1403,bootstrap,1,chrome,1196,1902,1902,1.5042841355
1404,bootstrap,1,chrome,618,932.2,932.2,3.369858167
1405,bootstrap,1,chrome,494,958.2,958.2,7.1024111045
1406,bootstrap,1,firefox,413,1059.2,235,9.515504663
1407,bootstrap,1,firefox,373,2519.8,179,11.1152962015
1408,bootstrap,1,firefox,390,585.6,216,9.027931613
1409,bootstrap,1,firefox,411,1790.8,223,17.936412367
1410,bootstrap,1,firefox,395,2547.4,247,8.4492052225
1411,bootstrap,1,firefox,954,1359.7,520,5.230813143
1412,bootstrap,1,firefox,399,892,272,13.9388254825
1413,bootstrap,1,firefox,391,1187.9,248,4.8715834505
1414,bootstrap,1,firefox,360,1215.8,203,6.721127529
1415,bootstrap,1,firefox,413,2197.6,243,8.50429964
1416,arxiv,1,chrome,360,647.2,647.2,1.1137617065
1417,arxiv,1,chrome,380,687,687,3.4261982705
1418,arxiv,1,chrome,400,710.6,710.6,6.73123961
1419,arxiv,1,chrome,407,705.7,705.7,7.1372231925
1420,arxiv,1,chrome,391,736.3,736.3,3.0432389385
1421,arxiv,1,chrome,389,704.1,704.1,6.738974399
1422,arxiv,1,chrome,407,696.6,696.6,4.3698980075
1423,arxiv,1,chrome,390,681.3,681.3,1.8200608635
1424,arxiv,1,chrome,424,760.2,760.2,5.304339691
1425,arxiv,1,chrome,400,737.3,737.3,4.482867061
1426,arxiv,1,firefox,317,764.8,301,4.178620683
1427,arxiv,1,firefox,438,1157,336,5.195708265
1428,arxiv,1,firefox,465,419.3,380,17.807073362
1429,arxiv,1,firefox,353,895.5,334,5.9134214365
1430,arxiv,1,firefox,394,572.5,287,8.632942929
1431,arxiv,1,firefox,376,983.8,368,2.778220923
1432,arxiv,1,firefox,643,1359.7,419,2.219707804
1433,arxiv,1,firefox,403,879.5,299,10.6319140525
1434,arxiv,1,firefox,428,826.1,349,4.820510585
1435,arxiv,1,firefox,333,996.8,267,5.2177777565
1436,shopify,0,chrome,1196,834.7,834.7,11.5599250875
1437,shopify,0,chrome,1113,722.3,722.3,13.657780375
1438,shopify,0,chrome,1341,766.3,766.3,6.8836198395
1439,shopify,0,chrome,1222,767.5,767.5,9.7005429875
1440,shopify,0,chrome,1229,776.9,776.9,8.5807342105
1441,shopify,0,chrome,1062,737.1,737.1,13.665905317
1442,shopify,0,chrome,2535,1462.4,1462.4,9.1889868435
1443,shopify,0,chrome,1091,733.3,733.3,7.7995257955
1444,shopify,0,chrome,1121,718,718,11.885973252
1445,shopify,0,chrome,1164,733.3,733.3,11.912374928
1446,shopify,0,firefox,2344,698.3,1717,15.4626256435
1447,shopify,0,firefox,2215,631.2,1673,14.423283015
1448,shopify,0,firefox,4614,505.7,4007,15.4574000955
1449,shopify,0,firefox,2359,596,1822,13.443859479
1450,shopify,0,firefox,5666,940.6,5119,11.3322625835
1451,shopify,0,firefox,3680,1083.8,3018,14.676787045
1452,shopify,0,firefox,4966,1686.3,3798,19.8678705155
1453,shopify,0,firefox,5654,751.4,4988,10.8386935775
1454,shopify,0,firefox,5678,650.3,5181,18.354161416
1455,shopify,0,firefox,3519,694,3300,11.605910197
1456,aparat,1,chrome,1082,1107.2,1107.2,8.118562343
1457,aparat,1,chrome,854,1111.6,1111.6,10.1818598445
1458,aparat,1,chrome,868,1134.8,1134.8,10.765872807
1459,aparat,1,chrome,1296,1356.8,1356.8,9.4772655605
1460,aparat,1,chrome,837,1097.8,1097.8,8.813270833
1461,aparat,1,chrome,930,1191.8,1191.8,18.008241985
1462,aparat,1,chrome,847,1100.7,1100.7,10.1262296945
1463,aparat,1,chrome,1689,2190,2190,16.613221866
1464,aparat,1,chrome,904,1144.3,1144.3,13.1934770245
1465,aparat,1,chrome,844,1108.1,1108.1,11.848773455
1466,aparat,1,firefox,1589,670.1,810,11.0545437685
1467,aparat,1,firefox,1044,1050.8,742,14.543429865
1468,aparat,1,firefox,1109,933.1,994,18.3580238725
1469,aparat,1,firefox,1024,1187.1,740,13.5948231585
1470,aparat,1,firefox,1056,1111.6,745,16.0541015295
1471,aparat,1,firefox,953,771.6,881,19.349191021
1472,aparat,1,firefox,1090,1083.2,833,15.8001162185
1473,aparat,1,firefox,904,1730.3,901,16.152911683
1474,aparat,1,firefox,1000,957.6,713,16.1094546195
1475,aparat,1,firefox,965,330.2,843,12.9382249745
1476,ftc,1,chrome,1401,1078.6,1078.6,10.5473170805
1477,ftc,1,chrome,1391,1085.1,1085.1,6.597047891
1478,ftc,1,chrome,1404,1099.9,1099.9,10.5869322095
1479,ftc,1,chrome,1351,1095.2,1095.2,7.457734231
1480,ftc,1,chrome,1468,1056.6,1056.6,8.448854847
1481,ftc,1,chrome,1306,1041.9,1041.9,6.5737011065
1482,ftc,1,chrome,2750,1915.8,1915.8,9.381360472
1483,ftc,1,chrome,1373,1083.2,1083.2,6.191791598
1484,ftc,1,chrome,1266,1020,1020,10.5486830595
1485,ftc,1,chrome,1265,1035.4,1035.4,9.838995328
1486,ftc,1,firefox,1690,1187.5,980,22.3055938805
1487,ftc,1,firefox,1644,581.6,917,11.571783264
1488,ftc,1,firefox,1603,1181.3,906,9.9437744385
1489,ftc,1,firefox,1614,576.8,916,12.880132912
1490,ftc,1,firefox,1618,956.6,917,10.9426201505
1491,ftc,1,firefox,1803,3997.4,1050,16.187349293
1492,ftc,1,firefox,1671,1454.7,959,16.2668167835
1493,ftc,1,firefox,1697,794.8,969,21.6881469825
1494,ftc,1,firefox,1629,1275.5,917,12.894674638
1495,ftc,1,firefox,1691,1804.3,986,12.3500040975
1496,ilovepdf,0,chrome,953,1187.4,1187.4,12.2562256755
1497,ilovepdf,0,chrome,927,1157,1157,5.7482232675
1498,ilovepdf,0,chrome,966,1193.7,1193.7,6.048676448
1499,ilovepdf,0,chrome,1119,1354.4,1354.4,6.5261990415
1500,ilovepdf,0,chrome,818,1052.8,1052.8,5.6814831625
1501,ilovepdf,0,chrome,943,1179.4,1179.4,6.4682669335
1502,ilovepdf,0,chrome,1326,1764.8,1764.8,4.0938302505
1503,ilovepdf,0,chrome,1489,1874.6,1874.6,3.810117618
1504,ilovepdf,0,chrome,894,1126.3,1126.3,8.643910907
1505,ilovepdf,0,chrome,940,1172.2,1172.2,6.73820790749999
1506,ilovepdf,0,firefox,704,1005.6,500,13.0724735185
1507,ilovepdf,0,firefox,720,1050.8,530,8.300196456
1508,ilovepdf,0,firefox,721,360.8,491,13.242751228
1509,ilovepdf,0,firefox,748,1291.1,646,11.0469872455
1510,ilovepdf,0,firefox,1661,415.3,1407,8.3880088105
1511,ilovepdf,0,firefox,1595,1711.8,1362,6.307626265
1512,ilovepdf,0,firefox,755,2053.8,526,6.9725275385
1513,ilovepdf,0,firefox,1568,1374.5,1350,8.596284327
1514,ilovepdf,0,firefox,1800,1232.2,1790,6.440448048
1515,ilovepdf,0,firefox,1740,315,1512,12.772837427
1554,moz,0,chrome,1930,1849.8,1849.8,12.3686854925
1555,moz,0,chrome,1840,1758.7,1758.7,11.065119274
1556,moz,0,chrome,1776,1722,1722,13.350480694
1557,moz,0,chrome,1760,1711.8,1711.8,17.2763224805
1558,moz,0,chrome,1770,1736.2,1736.2,14.556595773
1559,moz,0,chrome,1826,1783.9,1783.9,19.060610801
1560,moz,0,chrome,1908,1782.8,1782.8,13.6608900555
1561,moz,0,chrome,1757,1697,1697,11.325503966
1562,moz,0,chrome,1822,1732,1732,13.7799992895
1563,moz,0,chrome,1864,1752.6,1752.6,14.407501805
1564,moz,0,firefox,3904,1840.3,3470,22.7325740405
1565,moz,0,firefox,3866,1665.6,3086,16.0451333945
1566,moz,0,firefox,3905,1665.6,3156,11.807445286
1567,moz,0,firefox,3812,1233.5,3444,39.4628631715
1568,moz,0,firefox,3624,1049,3374,17.13346423
1569,moz,0,firefox,3940,1444,3173,14.114088827
1570,moz,0,firefox,3862,1083.8,3508,12.151909448
1571,moz,0,firefox,2858,1500.2,2741,11.6290546525
1572,moz,0,firefox,3887,981.9,3206,16.115044481
1573,moz,0,firefox,4486,681.3,3245,11.6256235785
1594,docusign,0,chrome,1892,2711.9,2711.9,8.944023588
1595,docusign,0,chrome,1476,2133.8,2133.8,13.7392181165
1596,docusign,0,chrome,1408,2193.5,2193.5,10.963018912
1597,docusign,0,chrome,1790,2547.4,2547.4,10.6798687865
1598,docusign,0,chrome,2218,3324.4,3324.4,7.552384888
1599,docusign,0,chrome,1787,2508,2508,17.039467318
1600,docusign,0,chrome,2236,1896.2,1896.2,5.6594407635
1601,docusign,0,chrome,1731,2451.6,2451.6,10.1704365045
1602,docusign,0,chrome,1856,2586,2586,10.6675358075
1603,docusign,0,chrome,1622,2353.4,2353.4,9.8463468055
1604,docusign,0,firefox,1320,500.3,1213,14.3746425125
1605,docusign,0,firefox,2294,1078.6,1775,14.1883555075
1606,docusign,0,firefox,2384,766.3,2295,8.688837353
1607,docusign,0,firefox,1357,576.8,985,25.854164988
1608,docusign,0,firefox,1225,576.8,1123,16.202140515
1609,docusign,0,firefox,2395,550.1,1961,20.3815131355
1610,docusign,0,firefox,1492,949.7,1376,19.246898867
1611,docusign,0,firefox,1333,1263,1229,17.3947663625
1612,docusign,0,firefox,1383,770,955,17.0828622345
1613,docusign,0,firefox,1392,959.4,1297,23.007319108
1633,cam,1,chrome,1656,927.1,927.1,6.1092512785
1634,cam,1,chrome,1793,1113.1,1113.1,6.712280608
1635,cam,1,chrome,1605,1179.3,1179.3,6.058862384
1636,cam,1,chrome,1667,1172.7,1172.7,7.928734933
1637,cam,1,chrome,1677,921.1,921.1,10.0570869385
1638,cam,1,chrome,1722,1032.9,1032.9,8.7594563495
1639,cam,1,chrome,1751,1063.6,1063.6,8.8784847615
1640,cam,1,chrome,1713,971.5,971.5,10.0079537135
1641,cam,1,chrome,1694,946.9,946.9,8.390192147
1642,cam,1,chrome,1543,1083.3,1083.3,10.6428778565
1643,cam,1,firefox,1863,1213.2,770,9.8461317665
1644,cam,1,firefox,1945,927.1,782,15.302852316
1645,cam,1,firefox,1966,1637.7,777,16.411100428
1646,cam,1,firefox,2012,730.6,757,13.7927831265
1647,cam,1,firefox,1900,1402.2,846,18.027559468
1648,cam,1,firefox,1883,759.1,782,20.68832841
1649,cam,1,firefox,1921,1313.8,917,26.0128667865
1650,cam,1,firefox,1933,971.5,797,10.1587440585
1651,cam,1,firefox,1939,1545.5,801,12.558861521
1652,cam,1,firefox,1910,1387.2,801,20.79366894
1663,unicef,1,chrome,1475,1123.3,1123.3,15.4513177075
1664,unicef,1,chrome,1409,1213.2,1213.2,8.01382955
1665,unicef,1,chrome,1419,1186.4,1186.4,6.83176404
1666,unicef,1,chrome,1426,1238.6,1238.6,13.085976833
1667,unicef,1,chrome,1413,1218.7,1218.7,10.428772213
1668,unicef,1,chrome,1432,1210,1210,6.9759485055
1669,unicef,1,chrome,1387,1206.8,1206.8,12.4615442485
1670,unicef,1,chrome,1374,1145.7,1145.7,10.305200544
1671,unicef,1,chrome,1386,1188.8,1188.8,15.1860744895
1672,unicef,1,chrome,1318,1121.3,1121.3,10.563816881
1673,unicef,1,firefox,2448,1376.1,928,18.3628372345
1674,unicef,1,firefox,3066,927.1,983,15.1370438615
1675,unicef,1,firefox,2403,1416.2,995,23.524858363
1676,unicef,1,firefox,2339,1416.2,976,20.254134233
1677,unicef,1,firefox,2763,1711.7,986,15.2657921335
1678,unicef,1,firefox,2671,1557.2,960,21.8298111125
1679,unicef,1,firefox,2431,1081.5,1047,16.6308021205
1680,unicef,1,firefox,2415,1402.2,984,15.881190652
1681,unicef,1,firefox,3176,1238.4,952,21.1329325165
1682,unicef,1,firefox,3211,1400,1052,15.7175590305
1683,cam,0,chrome,1734,1344.9,1344.9,3.7805808675
1684,cam,0,chrome,1622,1162.5,1162.5,6.814148447
1685,cam,0,chrome,1746,1403.1,1403.1,11.032718036
1686,cam,0,chrome,1665,1163.4,1163.4,4.240419393
1687,cam,0,chrome,1932,1425,1425,8.13669507
1688,cam,0,chrome,1651,1175.8,1175.8,7.3481808405
1689,cam,0,chrome,1821,1294.1,1294.1,5.710977235
1690,cam,0,chrome,1974,1313.8,1313.8,7.6868825545
1691,cam,0,chrome,1706,1174.2,1174.2,11.270428833
1692,cam,0,chrome,1801,1400,1400,6.254528759
1693,cam,0,firefox,1961,1213.2,752,23.2894390135
1694,cam,0,firefox,2987,1135.5,753,22.7071664575
1695,cam,0,firefox,1911,1135.5,800,21.571352308
1696,cam,0,firefox,1848,1596.8,782,14.334407994
1697,cam,0,firefox,2045,1375.5,811,13.3300319215
1698,cam,0,firefox,2019,738.2,848,15.3535989845
1699,cam,0,firefox,3034,352.5,756,14.2809592865
1700,cam,0,firefox,1992,364.2,812,15.7695760085
1701,cam,0,firefox,1888,375.4,780,14.670497849
1702,cam,0,firefox,1948,1143.3,847,24.744345125
1703,eff,1,chrome,1230,1415.2,1415.2,5.630095897
1704,eff,1,chrome,1235,1393.1,1393.1,4.295262023
1705,eff,1,chrome,1247,1411.8,1411.8,6.3160679785
1706,eff,1,chrome,1190,1422.5,1422.5,4.3292906385
1707,eff,1,chrome,1219,1395.7,1395.7,3.478622327
1708,eff,1,chrome,1215,1395.6,1395.6,9.7420106495
1709,eff,1,chrome,1176,1411.4,1411.4,3.6693373445
1710,eff,1,chrome,1230,1402.8,1402.8,5.509655314
1711,eff,1,chrome,1223,1392.8,1392.8,4.769429207
1712,eff,1,chrome,1214,1448.6,1448.6,4.0821431325
1713,eff,1,firefox,865,1375.5,652,10.613719587
1714,eff,1,firefox,900,1567.6,659,9.78710237
1715,eff,1,firefox,857,1113.1,641,14.0246306355
1716,eff,1,firefox,858,1113.1,636,8.0886777255
1717,eff,1,firefox,825,1113.1,615,6.24135498
1718,eff,1,firefox,876,1179.3,630,9.129996711
1719,eff,1,firefox,897,364.2,653,6.161206798
1720,eff,1,firefox,828,1022.2,638,8.15661149
1721,eff,1,firefox,838,1411.4,621,14.0039906305
1722,eff,1,firefox,838,971.5,612,14.483790162
1723,etsy,0,chrome,1827,1376.1,1376.1,6.1190504975
1724,etsy,0,chrome,1729,1375.5,1375.5,5.1044068945
1725,etsy,0,chrome,1516,1211,1211,4.5513721165
1726,etsy,0,chrome,1782,1402.2,1402.2,9.805015362
1727,etsy,0,chrome,1668,1237.1,1237.1,6.410118755
1728,etsy,0,chrome,1661,1424.5,1424.5,7.4632452685
1729,etsy,0,chrome,1679,1238.4,1238.4,8.9925140435
1730,etsy,0,chrome,1650,1359.6,1359.6,5.35456057
1731,etsy,0,chrome,1692,1245,1245,5.670421533
1732,etsy,0,chrome,1632,1387.2,1387.2,5.610091721
1733,etsy,0,firefox,3724,927.1,1580,9.14198893
1734,etsy,0,firefox,2593,1646.6,563,10.497644865
1735,etsy,0,firefox,2134,1895,1556,9.739427349
1736,etsy,0,firefox,1587,875.5,1151,11.448320044
1737,etsy,0,firefox,2350,1402.2,1575,9.294267305
1738,etsy,0,firefox,2417,1424.5,1955,15.905425149
1739,etsy,0,firefox,2217,1143.3,1599,10.3117797955
1740,etsy,0,firefox,1402,1545.5,672,14.8692170465
1741,etsy,0,firefox,2245,1245,1560,9.756214378
1742,etsy,0,firefox,1392,1609.4,589,11.003388261
1753,etsy,1,chrome,1296,1001.9,1001.9,5.9042700875
1754,etsy,1,chrome,1330,989.2,989.2,5.42883774
1755,etsy,1,chrome,1124,799.5,799.5,7.8930402895
1756,etsy,1,chrome,1340,1012,1012,6.228855574
1757,etsy,1,chrome,1231,826.4,826.4,4.5467313415
1758,etsy,1,chrome,1367,1022.2,1022.2,6.9029883325
1759,etsy,1,chrome,1393,1019.2,1019.2,5.409573351
1760,etsy,1,chrome,1406,1043.5,1043.5,6.6635146575
1761,etsy,1,chrome,1372,1006.2,1006.2,4.62284043
1762,etsy,1,chrome,1505,1142.2,1142.2,4.5753173535
1763,etsy,1,firefox,1730,1646.6,400,9.6682156525
1764,etsy,1,firefox,1202,1567.6,381,21.610005172
1765,etsy,1,firefox,2292,394,372,12.546865594
1766,etsy,1,firefox,2498,1238.4,370,16.759756167
1767,etsy,1,firefox,1606,352.5,405,11.9354577195
1768,etsy,1,firefox,1203,364.2,485,20.458265161
1769,etsy,1,firefox,1085,1359.6,419,19.7508763975
1770,etsy,1,firefox,1522,1395.6,334,15.5957122365
1771,etsy,1,firefox,2008,795.9,432,18.878705535
1772,etsy,1,firefox,2178,1392.8,378,12.6676481975
1773,eff,0,chrome,1414,1596.8,1596.8,2.9055082585
1774,eff,0,chrome,1370,1598.9,1598.9,6.318481836
1775,eff,0,chrome,1412,1580.9,1580.9,3.7067048955
1776,eff,0,chrome,1379,1562.5,1562.5,7.6833969705
1777,eff,0,chrome,1395,1585.9,1585.9,6.5028752315
1778,eff,0,chrome,1415,1577.6,1577.6,4.1416501895
1779,eff,0,chrome,1363,1592.4,1592.4,6.299277246
1780,eff,0,chrome,1388,1551.9,1551.9,3.8852857625
1781,eff,0,chrome,1411,1614.4,1614.4,9.8292563625
1782,eff,0,chrome,1399,1568.5,1568.5,3.2952216965
1783,eff,0,firefox,1001,749.5,768,8.95243014
1784,eff,0,firefox,1036,1425,824,11.8327584135
1785,eff,0,firefox,1029,1022.2,815,6.4879762975
1786,eff,0,firefox,1002,1143.3,791,7.1212646915
1787,eff,0,firefox,1044,1143.3,822,6.8625032235
1788,eff,0,firefox,1078,1188.8,835,11.5560841375
1789,eff,0,firefox,1017,1588.9,805,6.175180301
1790,eff,0,firefox,999,1121.3,774,7.3135596255
1791,eff,0,firefox,1017,1121.3,803,5.458396367
1792,eff,0,firefox,1047,1448.6,814,10.068523287
1793,applenews,1,chrome,1501,742.9,1109.9,10.3893663185
1794,applenews,1,chrome,1608,730.6,1119.1,6.0407922415
1795,applenews,1,chrome,1475,703.3,1100.7,14.810582454
1796,applenews,1,chrome,1537,749.5,1141,6.300716625
1797,applenews,1,chrome,1534,758,1143.5,13.82043747
1798,applenews,1,chrome,1668,762.3,1155.2,7.70682189
1799,applenews,1,chrome,1517,738.2,1126.3,9.2845969625
1800,applenews,1,chrome,1623,759.1,1087,10.336153279
1801,applenews,1,chrome,1518,703.2,1130.7,10.8406229095
1802,applenews,1,chrome,1552,770.6,1124.8,15.721430334
1803,applenews,1,firefox,1465,730.6,1320,21.573952604
1804,applenews,1,firefox,1334,811,1254,19.3858172
1805,applenews,1,firefox,1307,1113.1,1219,17.1561430735
1806,applenews,1,firefox,1355,1066.6,1250,28.3587275635
1807,applenews,1,firefox,1378,1022.2,1291,23.811291045
1808,applenews,1,firefox,1290,1313.8,1194,23.959737146
1809,applenews,1,firefox,1361,458.6,1235,18.77819315
1810,applenews,1,firefox,1424,831.9,1304,19.5169951585
1811,applenews,1,firefox,1308,1545.5,1195,15.7511077815
1812,applenews,1,firefox,1243,1121.3,1151,21.1788586755
1852,unicef,0,chrome,1711,1605.4,1605.4,7.364702832
1853,unicef,0,chrome,1785,1637.7,1637.7,8.9909572505
1854,unicef,0,chrome,1860,1711.7,1711.7,10.832043949
1855,unicef,0,chrome,1743,1567.6,1567.6,8.8155616925
1856,unicef,0,chrome,1732,1556.5,1556.5,10.988566933
1857,unicef,0,chrome,1753,1557.2,1557.2,9.0402555095
1858,unicef,0,chrome,1759,1565.5,1565.5,10.9174836485
1859,unicef,0,chrome,1772,1588.9,1588.9,10.1836748095
1860,unicef,0,chrome,1731,1545.5,1545.5,11.3907873775
1861,unicef,0,chrome,1819,1609.4,1609.4,12.1525431035
1862,unicef,0,firefox,2684,730.6,2257,20.895601805
1863,unicef,0,firefox,2770,875.5,2372,18.089860449
1864,unicef,0,firefox,3764,826.4,3757,18.4208764865
1865,unicef,0,firefox,2822,1565.5,2374,23.245467594
1866,unicef,0,firefox,2739,1359.6,1821,14.6888707945
1867,unicef,0,firefox,2757,1143.3,2336,18.899957371
1868,unicef,0,firefox,2740,1545.5,2350,15.2671692675
1869,unicef,0,firefox,2679,1568.5,2676,18.2580871525
1870,unicef,0,firefox,3856,1121.3,3391,16.2046821765
1871,unicef,0,firefox,2744,1121.3,2302,18.9827368305
1892,applenews,0,chrome,1797,1529.9,1612.9,8.585760064
1893,applenews,0,chrome,1896,1646.6,1727.3,5.2458638685
1894,applenews,0,chrome,1978,1895,1895,10.6439386555
1895,applenews,0,chrome,1837,1416.2,1506.8,13.261503382
1896,applenews,0,chrome,1929,1835.8,1835.8,13.385370363
1897,applenews,0,chrome,1884,1778.3,1778.3,6.263671967
1898,applenews,0,chrome,1726,1463.9,1562.9,11.198338907
1899,applenews,0,chrome,1741,1479.3,1554.3,11.710115637
1900,applenews,0,chrome,1937,1805.2,1805.2,9.856223114
1901,applenews,0,chrome,1988,1884.5,1884.5,12.2009247155
1902,applenews,0,firefox,1608,875.5,1525,18.5321958195
1903,applenews,0,firefox,1590,365.8,1234,30.508364033
1904,applenews,0,firefox,1700,871.3,1522,19.5663273175
1905,applenews,0,firefox,1548,1175.8,1466,16.8443186005
1906,applenews,0,firefox,1601,364.2,1493,11.2427295865
1907,applenews,0,firefox,1675,364.2,1341,22.5452365105
1908,applenews,0,firefox,1609,364.2,1529,18.083190063
1909,applenews,0,firefox,1632,1313.8,1553,18.010227018
1910,applenews,0,firefox,1804,1174.2,1668,13.0573673505
1911,applenews,0,firefox,1676,831.9,1596,16.083993362
